1403638527.527829 -0.050103 -0.401907 0.034551 0.051905 0.815318 -0.065783 0.572918
1403638527.627830 -0.040633 -0.381570 0.037944 0.054495 0.815608 -0.066580 0.572172
1403638527.727830 -0.027101 -0.337245 0.034964 0.051463 0.816097 -0.060316 0.572450
1403638527.827830 -0.010695 -0.294610 0.038046 0.042836 0.818654 -0.055089 0.570032
1403638527.927830 0.006414 -0.242548 0.040763 0.030106 0.820946 -0.051528 0.567878
1403638528.027829 0.022377 -0.187467 0.042907 0.025553 0.820008 -0.046481 0.569890
1403638528.127830 0.037689 -0.127852 0.042291 0.017109 0.819033 -0.038813 0.572177
1403638528.227830 0.054871 -0.074683 0.036295 0.008026 0.819903 -0.030377 0.571640
1403638528.327830 0.082244 -0.028622 0.029617 -0.002358 0.820564 -0.020481 0.571183
1403638528.427830 0.113268 0.006769 0.021733 -0.003536 0.818992 -0.015484 0.573585
1403638528.527829 0.149030 0.033218 0.014836 -0.000865 0.819596 -0.015846 0.572722
1403638528.627830 0.186714 0.053684 0.010301 -0.000443 0.821758 -0.023764 0.569340
1403638528.727830 0.223378 0.067762 0.010321 0.002119 0.821825 -0.029886 0.568952
1403638528.827830 0.249952 0.077110 0.014164 0.004572 0.820733 -0.036364 0.570135
1403638528.927830 0.258627 0.085389 0.022917 -0.001085 0.819882 -0.044611 0.570791
1403638529.027829 0.250459 0.093083 0.037020 -0.006177 0.820478 -0.049080 0.569533
1403638529.127830 0.229204 0.105355 0.049314 0.004874 0.821084 -0.045903 0.568938
1403638529.227830 0.199964 0.123004 0.052575 0.020684 0.822101 -0.038787 0.567642
1403638529.327830 0.159566 0.142700 0.049178 0.028671 0.825089 -0.033751 0.563265
1403638529.427830 0.117928 0.160466 0.034942 0.030686 0.832487 -0.029976 0.552381
1403638529.527829 0.087837 0.174887 0.013703 0.027248 0.843580 -0.028149 0.535573
1403638529.627830 0.063231 0.186025 -0.010838 0.028318 0.850831 -0.024676 0.524094
1403638529.727830 0.042761 0.185418 -0.035953 0.027366 0.850762 -0.022056 0.524374
1403638529.827830 0.027988 0.189741 -0.056152 0.025579 0.844672 -0.022595 0.534195
1403638529.927830 0.020346 0.196154 -0.073764 0.025266 0.839661 -0.022986 0.542035
1403638530.027829 0.023399 0.199035 -0.085789 0.025680 0.839273 -0.023292 0.542603
1403638530.127830 0.034137 0.199296 -0.094454 0.026021 0.841418 -0.025590 0.539151
1403638530.227830 0.048810 0.198132 -0.104364 0.028324 0.841914 -0.031468 0.537948
1403638530.327830 0.063114 0.195531 -0.114514 0.029516 0.841220 -0.037567 0.538579
1403638530.427830 0.075965 0.191778 -0.123371 0.032879 0.840611 -0.041644 0.539034
1403638530.527829 0.086157 0.187888 -0.129880 0.030521 0.840436 -0.045576 0.539128
1403638530.627830 0.091909 0.183737 -0.134687 0.032282 0.841626 -0.048083 0.536946
1403638530.727830 0.095435 0.181124 -0.139906 0.032617 0.845442 -0.050249 0.530697
1403638530.827830 0.098009 0.179160 -0.145159 0.032581 0.847473 -0.050807 0.527396
1403638530.927830 0.099710 0.178407 -0.148707 0.030116 0.846566 -0.050096 0.529065
1403638531.027829 0.100461 0.178583 -0.151436 0.028550 0.843852 -0.049816 0.533495
1403638531.127830 0.099846 0.179759 -0.151632 0.030742 0.840185 -0.048410 0.539259
1403638531.227830 0.100381 0.181039 -0.152284 0.032800 0.839837 -0.045574 0.539926
1403638531.327830 0.100292 0.182338 -0.153084 0.033500 0.836195 -0.045834 0.545485
1403638531.427830 0.100346 0.182186 -0.153232 0.034291 0.836990 -0.045289 0.544262
1403638531.527829 0.100050 0.182133 -0.153171 0.033760 0.836190 -0.045771 0.545484
1403638531.627830 0.099951 0.182062 -0.153219 0.034287 0.836294 -0.044758 0.545375
1403638531.727830 0.099932 0.182102 -0.153284 0.034255 0.836403 -0.045257 0.545168
1403638531.827830 0.099962 0.182119 -0.153311 0.034241 0.836382 -0.045401 0.545190
1403638531.927830 0.099961 0.182162 -0.153340 0.034140 0.836342 -0.045599 0.545240
1403638532.027829 0.099968 0.182204 -0.153389 0.034054 0.836320 -0.045751 0.545266
1403638532.127830 0.100005 0.182192 -0.153404 0.034060 0.836309 -0.045849 0.545275
1403638532.227830 0.099953 0.182171 -0.153415 0.034282 0.836357 -0.045749 0.545197
1403638532.327830 0.099971 0.182126 -0.153427 0.034413 0.836332 -0.045741 0.545227
1403638532.427830 0.099948 0.182091 -0.153435 0.034492 0.836351 -0.045711 0.545196
1403638532.527829 0.099944 0.182075 -0.153448 0.034531 0.836361 -0.045778 0.545172
1403638532.627830 0.099945 0.182068 -0.153471 0.034555 0.836379 -0.045843 0.545137
1403638532.727830 0.099928 0.182081 -0.153491 0.034573 0.836370 -0.045904 0.545144
1403638532.827830 0.099939 0.182078 -0.153487 0.034586 0.836379 -0.045973 0.545124
1403638532.927830 0.099911 0.182078 -0.153501 0.034712 0.836399 -0.045971 0.545086
1403638533.027829 0.099910 0.182057 -0.153502 0.034797 0.836397 -0.046026 0.545079
1403638533.127830 0.099896 0.182042 -0.153510 0.034849 0.836419 -0.046071 0.545037
1403638533.227830 0.099883 0.182030 -0.153534 0.034914 0.836425 -0.046122 0.545020
1403638533.327830 0.099888 0.182024 -0.153539 0.035007 0.836428 -0.046164 0.545006
1403638533.427830 0.099863 0.182011 -0.153564 0.034995 0.836447 -0.046225 0.544972
1403638533.527829 0.099869 0.182004 -0.153566 0.035082 0.836455 -0.046264 0.544951
1403638533.627830 0.099863 0.181979 -0.153566 0.035197 0.836472 -0.046271 0.544917
1403638533.727830 0.099830 0.181974 -0.153575 0.035310 0.836522 -0.046331 0.544828
1403638533.827830 0.099833 0.181953 -0.153586 0.035321 0.836499 -0.046418 0.544855
1403638533.927830 0.099782 0.181934 -0.153564 0.035332 0.836563 -0.046335 0.544764
1403638534.027829 0.099763 0.181921 -0.153589 0.035479 0.836557 -0.046522 0.544747
1403638534.127830 0.099731 0.181900 -0.153557 0.035638 0.836633 -0.046710 0.544603
1403638534.227830 0.099717 0.181908 -0.153559 0.035534 0.836657 -0.046784 0.544568
1403638534.327830 0.099731 0.181913 -0.153526 0.035373 0.836732 -0.046752 0.544466
1403638534.427830 0.099747 0.181921 -0.153533 0.035376 0.836824 -0.046802 0.544319
1403638534.527829 0.099760 0.181852 -0.153558 0.035708 0.836863 -0.047088 0.544213
1403638534.627830 0.099804 0.181880 -0.153544 0.035619 0.836945 -0.046719 0.544125
1403638534.727830 0.099806 0.181883 -0.153546 0.035537 0.836977 -0.046532 0.544097
1403638534.827830 0.099788 0.181868 -0.153551 0.035716 0.836988 -0.046661 0.544058
1403638534.927830 0.099753 0.181813 -0.153562 0.036042 0.837016 -0.046885 0.543974
1403638535.027829 0.099755 0.181780 -0.153552 0.036036 0.837067 -0.046877 0.543897
1403638535.127830 0.099746 0.181772 -0.153545 0.036091 0.837124 -0.046865 0.543806
1403638535.227830 0.099734 0.181754 -0.153565 0.036086 0.837129 -0.046914 0.543794
1403638535.327830 0.099728 0.181747 -0.153565 0.036138 0.837175 -0.046966 0.543715
1403638535.427830 0.099721 0.181763 -0.153555 0.036255 0.837205 -0.046942 0.543663
1403638535.527829 0.099724 0.181759 -0.153563 0.036279 0.837217 -0.047018 0.543637
1403638535.627830 0.099720 0.181759 -0.153573 0.036325 0.837257 -0.047002 0.543573
1403638535.727830 0.099710 0.181741 -0.153578 0.036407 0.837286 -0.047089 0.543516
1403638535.827830 0.099712 0.181730 -0.153584 0.036389 0.837308 -0.047084 0.543484
1403638535.927830 0.099695 0.181737 -0.153595 0.036403 0.837344 -0.047130 0.543423
1403638536.027829 0.099691 0.181719 -0.153593 0.036394 0.837375 -0.047143 0.543375
1403638536.127830 0.099688 0.181716 -0.153600 0.036453 0.837407 -0.047203 0.543316
1403638536.227830 0.099702 0.181697 -0.153595 0.036480 0.837426 -0.047243 0.543281
1403638536.327830 0.099686 0.181696 -0.153619 0.036501 0.837388 -0.047240 0.543339
1403638536.427830 0.099680 0.181695 -0.153629 0.036588 0.837408 -0.047312 0.543297
1403638536.527829 0.099673 0.181681 -0.153621 0.036602 0.837450 -0.047296 0.543231
1403638536.627830 0.099657 0.181691 -0.153633 0.036653 0.837433 -0.047402 0.543246
1403638536.727830 0.099656 0.181679 -0.153634 0.036751 0.837448 -0.047349 0.543221
1403638536.827830 0.099650 0.181649 -0.153646 0.036775 0.837457 -0.047409 0.543200
1403638536.927830 0.099644 0.181625 -0.153655 0.036812 0.837461 -0.047434 0.543188
1403638537.027829 0.099647 0.181625 -0.153633 0.036857 0.837508 -0.047428 0.543114
1403638537.127830 0.099654 0.181649 -0.153636 0.036999 0.837503 -0.047382 0.543117
1403638537.227830 0.099653 0.181660 -0.153629 0.037050 0.837534 -0.047477 0.543056
1403638537.327830 0.099654 0.181653 -0.153635 0.037071 0.837522 -0.047501 0.543071
1403638537.427830 0.099654 0.181654 -0.153643 0.037076 0.837528 -0.047493 0.543062
1403638537.527829 0.099656 0.181667 -0.153626 0.037159 0.837557 -0.047463 0.543015
1403638537.627830 0.099667 0.181676 -0.153593 0.037289 0.837582 -0.047372 0.542975
1403638537.727830 0.099664 0.181632 -0.153586 0.037373 0.837647 -0.047441 0.542863
1403638537.827830 0.099657 0.181649 -0.153576 0.037405 0.837642 -0.047482 0.542865
1403638537.927830 0.099669 0.181638 -0.153588 0.037450 0.837606 -0.047500 0.542916
1403638538.027829 0.099668 0.181611 -0.153543 0.037522 0.837697 -0.047561 0.542765
1403638538.127830 0.099657 0.181622 -0.153532 0.037660 0.837627 -0.047530 0.542866
1403638538.227830 0.099669 0.181632 -0.153544 0.037702 0.837633 -0.047577 0.542850
1403638538.327830 0.099653 0.181622 -0.153553 0.037734 0.837641 -0.047510 0.542842
1403638538.427830 0.099727 0.181659 -0.153493 0.037811 0.837548 -0.047560 0.542974
1403638538.527829 0.099695 0.181628 -0.153410 0.037813 0.837565 -0.047620 0.542943
1403638538.627830 0.099645 0.181600 -0.153322 0.038005 0.837399 -0.047719 0.543178
1403638538.727830 0.099614 0.181554 -0.153194 0.038105 0.837087 -0.047625 0.543659
1403638538.827830 0.100399 0.181745 -0.153062 0.037606 0.836565 -0.047109 0.544542
1403638538.927830 0.102583 0.182170 -0.151489 0.037609 0.833696 -0.046264 0.548996
1403638539.027829 0.107514 0.182201 -0.149129 0.038615 0.829227 -0.046853 0.555605
1403638539.127830 0.114259 0.182226 -0.143995 0.038342 0.822609 -0.048201 0.565262
1403638539.227830 0.123011 0.182423 -0.133127 0.038090 0.817828 -0.047543 0.572229
1403638539.327830 0.131684 0.182703 -0.114313 0.037590 0.816885 -0.047274 0.573630
1403638539.427830 0.140380 0.182890 -0.088120 0.037562 0.818474 -0.046233 0.571448
1403638539.527829 0.149720 0.182912 -0.057126 0.037283 0.820453 -0.045106 0.568711
1403638539.627830 0.158863 0.182765 -0.025646 0.036481 0.821136 -0.044207 0.567847
1403638539.727830 0.168526 0.182623 -0.003923 0.035939 0.821788 -0.043258 0.567011
1403638539.827830 0.179264 0.182718 0.006939 0.035845 0.823404 -0.041965 0.564765
1403638539.927830 0.191782 0.182567 0.014347 0.034649 0.827258 -0.041367 0.559224
1403638540.027829 0.209450 0.181928 0.020454 0.033508 0.832685 -0.041931 0.551140
1403638540.127830 0.230242 0.181837 0.026727 0.033431 0.838549 -0.041877 0.542185
1403638540.227830 0.258867 0.184138 0.035746 0.034078 0.838461 -0.040667 0.542372
1403638540.327830 0.295389 0.183895 0.045368 0.034743 0.832307 -0.039668 0.551801
1403638540.427830 0.335401 0.184032 0.053430 0.033993 0.827752 -0.035745 0.558921
1403638540.527829 0.379784 0.185475 0.059106 0.028639 0.827313 -0.027270 0.560347
1403638540.627830 0.427423 0.186875 0.063682 0.019854 0.827528 -0.013404 0.560913
1403638540.727830 0.476997 0.188594 0.068520 0.012677 0.826642 0.008009 0.562528
1403638540.827830 0.527807 0.193131 0.072541 0.003645 0.825899 0.034321 0.562760
1403638540.927830 0.579375 0.202596 0.074282 -0.008132 0.824796 0.062349 0.561924
1403638541.027829 0.631949 0.216718 0.074069 -0.023132 0.823009 0.084827 0.561182
1403638541.127830 0.685667 0.234655 0.071926 -0.035431 0.820666 0.101035 0.561288
1403638541.227830 0.740437 0.255880 0.064837 -0.043013 0.819747 0.111953 0.560028
1403638541.327830 0.795961 0.281386 0.061518 -0.046945 0.819151 0.117799 0.559384
1403638541.427830 0.850722 0.312566 0.063381 -0.049316 0.819261 0.118943 0.558778
1403638541.527829 0.904515 0.348731 0.070572 -0.048060 0.818102 0.119671 0.560426
1403638541.627830 0.959958 0.392463 0.086146 -0.049063 0.816553 0.121923 0.562111
1403638541.727830 1.015955 0.441046 0.107613 -0.056352 0.814728 0.126222 0.563125
1403638541.827830 1.068510 0.497032 0.137261 -0.068656 0.813680 0.132596 0.561809
1403638541.927830 1.117907 0.556068 0.168334 -0.080572 0.812441 0.144185 0.559158
1403638542.027829 1.163932 0.616430 0.194213 -0.094137 0.810398 0.160008 0.555690
1403638542.127830 1.198710 0.679007 0.216123 -0.111541 0.806034 0.181535 0.552188
1403638542.227830 1.236017 0.742017 0.230900 -0.129821 0.801156 0.203759 0.547519
1403638542.327830 1.278258 0.805824 0.240002 -0.144621 0.795524 0.227331 0.542721
1403638542.427830 1.320701 0.869595 0.246961 -0.155367 0.783837 0.247915 0.547722
1403638542.527829 1.361655 0.932713 0.251417 -0.156964 0.769843 0.267281 0.557912
1403638542.627830 1.398431 0.998145 0.254479 -0.155026 0.761041 0.282128 0.563194
1403638542.727830 1.427163 1.066618 0.262277 -0.159587 0.761130 0.286759 0.559449
1403638542.827830 1.448041 1.138621 0.277658 -0.169415 0.765532 0.284261 0.551774
1403638542.927830 1.462550 1.212143 0.299333 -0.175908 0.770893 0.281357 0.543709
1403638543.027829 1.472984 1.286271 0.327475 -0.179300 0.774809 0.278919 0.538262
1403638543.127830 1.482809 1.361491 0.352500 -0.181598 0.777002 0.276013 0.535824
1403638543.227830 1.492467 1.437216 0.373842 -0.181259 0.777781 0.274631 0.535518
1403638543.327830 1.502859 1.513486 0.386843 -0.181662 0.778362 0.272508 0.535621
1403638543.427830 1.512662 1.589971 0.396147 -0.183137 0.778204 0.274184 0.534493
1403638543.527829 1.524066 1.668669 0.401195 -0.187133 0.776234 0.281365 0.532237
1403638543.627830 1.532602 1.747862 0.404965 -0.192431 0.771337 0.296896 0.529020
1403638543.727830 1.541353 1.829780 0.409916 -0.201765 0.764013 0.316109 0.525025
1403638543.827830 1.549429 1.915958 0.419886 -0.211691 0.753639 0.338905 0.521880
1403638543.927830 1.557438 2.000027 0.436017 -0.226027 0.743760 0.359319 0.516354
1403638544.027829 1.567450 2.088603 0.458365 -0.240557 0.736979 0.373451 0.509440
1403638544.127830 1.577447 2.177144 0.481266 -0.252048 0.733336 0.382541 0.502347
1403638544.227830 1.588537 2.265911 0.500015 -0.261369 0.730460 0.386741 0.498544
1403638544.327830 1.601127 2.354186 0.512176 -0.265615 0.728703 0.389817 0.496471
1403638544.427830 1.613416 2.442514 0.519381 -0.266617 0.729275 0.390998 0.494160
1403638544.527829 1.629498 2.533007 0.522761 -0.265756 0.728503 0.391040 0.495727
1403638544.627830 1.642785 2.623890 0.532400 -0.270213 0.723197 0.390287 0.501644
1403638544.727830 1.657336 2.715764 0.546524 -0.273940 0.718648 0.390350 0.506091
1403638544.827830 1.672954 2.804899 0.560100 -0.272823 0.720317 0.392360 0.502757
1403638544.927830 1.679071 2.894817 0.577623 -0.271594 0.723085 0.393818 0.498290
1403638545.027829 1.690846 2.993474 0.586175 -0.273438 0.722132 0.394180 0.498376
1403638545.127830 1.701118 3.081276 0.589090 -0.274456 0.720994 0.394422 0.499273
1403638545.227830 1.713770 3.168484 0.582770 -0.273360 0.721146 0.396202 0.498244
1403638545.327830 1.723816 3.255234 0.575206 -0.274222 0.718932 0.396734 0.500541
1403638545.427830 1.738380 3.346086 0.560437 -0.276134 0.717951 0.395860 0.501589
1403638545.527829 1.751817 3.437739 0.545964 -0.279041 0.716577 0.399275 0.499232
1403638545.627830 1.761687 3.524318 0.539460 -0.285998 0.712822 0.408050 0.493543
1403638545.727830 1.773565 3.606944 0.534494 -0.294183 0.706221 0.422106 0.486349
1403638545.827830 1.786152 3.691854 0.540243 -0.304269 0.695318 0.440354 0.479626
1403638545.927830 1.797799 3.777493 0.552121 -0.314388 0.683210 0.461292 0.470738
1403638546.027829 1.809420 3.863741 0.570479 -0.322721 0.670518 0.481671 0.462872
1403638546.127830 1.822436 3.952159 0.587028 -0.328845 0.659513 0.497532 0.457565
1403638546.227830 1.834665 4.043646 0.596785 -0.335836 0.652951 0.506652 0.451855
1403638546.327830 1.846739 4.136223 0.599729 -0.341690 0.649701 0.511359 0.446819
1403638546.427830 1.856808 4.228716 0.597507 -0.346389 0.649310 0.512485 0.442460
1403638546.527829 1.866598 4.322338 0.590932 -0.347555 0.648218 0.514320 0.441013
1403638546.627830 1.875201 4.417685 0.588445 -0.349574 0.644369 0.519261 0.439266
1403638546.727830 1.882798 4.514311 0.593233 -0.353192 0.639377 0.524933 0.436917
1403638546.827830 1.889825 4.616983 0.608399 -0.354010 0.634875 0.530644 0.435922
1403638546.927830 1.895108 4.720173 0.627151 -0.354152 0.631740 0.534754 0.435338
1403638547.027829 1.899668 4.824283 0.640554 -0.352735 0.628561 0.538566 0.436390
1403638547.127830 1.900160 4.928440 0.646225 -0.349318 0.625767 0.542488 0.438293
1403638547.227830 1.899754 5.033475 0.649488 -0.347376 0.624417 0.544539 0.439216
1403638547.327830 1.892266 5.137774 0.645467 -0.346253 0.623452 0.545385 0.440423
1403638547.427830 1.881084 5.244987 0.640273 -0.351249 0.626905 0.541529 0.436303
1403638547.527829 1.867730 5.352805 0.632136 -0.355910 0.630289 0.537551 0.432555
1403638547.627830 1.849308 5.456128 0.615869 -0.358202 0.632504 0.535085 0.430481
1403638547.727830 1.833634 5.567088 0.597796 -0.356777 0.632878 0.534703 0.431589
1403638547.827830 1.813030 5.671104 0.572965 -0.352805 0.630561 0.537069 0.435290
1403638547.927830 1.793223 5.777762 0.547378 -0.352467 0.630311 0.537067 0.435929
1403638548.027829 1.771290 5.893852 0.529066 -0.353747 0.629733 0.538138 0.434405
1403638548.127830 1.743669 6.009126 0.517794 -0.357229 0.626820 0.542072 0.430862
1403638548.227830 1.717202 6.132179 0.516597 -0.363004 0.621480 0.548625 0.425442
1403638548.327830 1.687224 6.254263 0.523078 -0.370529 0.613304 0.558326 0.418137
1403638548.427830 1.655913 6.376906 0.537405 -0.377503 0.603403 0.570509 0.409775
1403638548.527829 1.623895 6.500770 0.552735 -0.385131 0.594714 0.579001 0.403420
1403638548.627830 1.595215 6.625537 0.566291 -0.390261 0.587338 0.585898 0.399317
1403638548.727830 1.566404 6.743598 0.576472 -0.393933 0.582702 0.590453 0.395778
1403638548.827830 1.535238 6.869515 0.585266 -0.396207 0.579755 0.593479 0.393301
1403638548.927830 1.506977 6.994258 0.604140 -0.398116 0.578099 0.594804 0.391809
1403638549.027829 1.475176 7.120842 0.626711 -0.397191 0.577380 0.596615 0.391054
1403638549.127830 1.445735 7.244685 0.656488 -0.399430 0.577853 0.595220 0.390198
1403638549.227830 1.413614 7.370308 0.691158 -0.399811 0.577924 0.594753 0.390416
1403638549.327830 1.383000 7.497890 0.731655 -0.401355 0.579169 0.592969 0.389697
1403638549.427830 1.350842 7.624174 0.772757 -0.403807 0.580449 0.590498 0.389012
1403638549.527829 1.320576 7.757425 0.809273 -0.404515 0.581810 0.589069 0.388410
1403638549.627830 1.290227 7.887973 0.839855 -0.406532 0.581048 0.587162 0.390328
1403638549.727830 1.262751 8.019980 0.869223 -0.405391 0.580530 0.587098 0.392375
1403638549.827830 1.234839 8.151752 0.899164 -0.405493 0.582120 0.586777 0.390389
1403638549.927830 1.208456 8.288525 0.939959 -0.403473 0.583033 0.587533 0.389982
1403638550.027829 1.182131 8.424361 0.986482 -0.404139 0.583921 0.586985 0.388789
1403638550.127830 1.157343 8.563329 1.042923 -0.405227 0.584880 0.586444 0.387026
1403638550.227830 1.133418 8.704702 1.104403 -0.404980 0.584604 0.587237 0.386499
1403638550.327830 1.112053 8.846100 1.174300 -0.404288 0.583816 0.587974 0.387294
1403638550.427830 1.090171 8.992857 1.238900 -0.406400 0.583318 0.587098 0.387163
1403638550.527829 1.068122 9.145456 1.294575 -0.408953 0.584649 0.585476 0.384917
1403638550.627830 1.050445 9.291124 1.343960 -0.413602 0.583996 0.582346 0.385688
1403638550.727830 1.037833 9.431663 1.391746 -0.417859 0.582841 0.579433 0.387231
1403638550.827830 1.028746 9.571066 1.430299 -0.421446 0.580638 0.576634 0.390815
1403638550.927830 1.023484 9.708302 1.470683 -0.427759 0.576315 0.571761 0.397458
1403638551.027829 1.021950 9.840425 1.496986 -0.433091 0.573236 0.567890 0.401664
1403638551.127830 1.023264 9.965410 1.526279 -0.436296 0.572420 0.565494 0.402739
1403638551.227830 1.028073 10.082220 1.559562 -0.439935 0.572907 0.563496 0.400883
1403638551.327830 1.038541 10.194154 1.600941 -0.437150 0.577353 0.562668 0.398708
1403638551.427830 1.053629 10.305009 1.638954 -0.431250 0.587991 0.556295 0.398530
1403638551.527829 1.075095 10.410970 1.678366 -0.424082 0.602869 0.543792 0.401240
1403638551.627830 1.101722 10.517671 1.709610 -0.418010 0.619650 0.526128 0.405575
1403638551.727830 1.137187 10.615220 1.736244 -0.410193 0.635202 0.507946 0.412615
1403638551.827830 1.181912 10.717863 1.759414 -0.400687 0.648954 0.490290 0.421810
1403638551.927830 1.234838 10.807837 1.779899 -0.388841 0.655918 0.479543 0.434295
1403638552.027829 1.295344 10.889492 1.806366 -0.378418 0.657803 0.473304 0.447302
1403638552.127830 1.360851 10.964010 1.838888 -0.370813 0.660877 0.469510 0.453101
1403638552.227830 1.430107 11.031616 1.876370 -0.366132 0.665852 0.467548 0.451651
1403638552.327830 1.502057 11.092622 1.915575 -0.364038 0.668550 0.466346 0.450598
1403638552.427830 1.578933 11.150703 1.951211 -0.369877 0.667091 0.461337 0.453154
1403638552.527829 1.658282 11.196006 1.981003 -0.376781 0.663645 0.456525 0.457381
1403638552.627830 1.741610 11.235561 2.004915 -0.380356 0.660153 0.455050 0.460931
1403638552.727830 1.830120 11.269341 2.022786 -0.380157 0.659308 0.456977 0.460398
1403638552.827830 1.920867 11.292833 2.034793 -0.378884 0.658038 0.460054 0.460199
1403638552.927830 2.014937 11.311484 2.042180 -0.374926 0.656436 0.465745 0.460004
1403638553.027829 2.112059 11.321934 2.045698 -0.370161 0.653946 0.471767 0.461272
1403638553.127830 2.208851 11.329632 2.044975 -0.370658 0.650915 0.474129 0.462736
1403638553.227830 2.306863 11.331273 2.042962 -0.378910 0.645857 0.470379 0.466946
1403638553.327830 2.405301 11.325495 2.043968 -0.383870 0.640001 0.468813 0.472501
1403638553.427830 2.503884 11.308342 2.051834 -0.381948 0.634624 0.471656 0.478445
1403638553.527829 2.599759 11.280629 2.063872 -0.378873 0.630009 0.475004 0.483648
1403638553.627830 2.696403 11.242538 2.081523 -0.376077 0.626970 0.477734 0.487078
1403638553.727830 2.783035 11.188158 2.103438 -0.374510 0.626506 0.479655 0.486995
1403638553.827830 2.879482 11.134637 2.136715 -0.372513 0.627747 0.481907 0.484699
1403638553.927830 2.959659 11.063491 2.170724 -0.370343 0.629541 0.483251 0.482693
1403638554.027829 3.047601 10.995002 2.206196 -0.370833 0.634024 0.483294 0.476365
1403638554.127830 3.120606 10.909728 2.231545 -0.368422 0.635772 0.485041 0.474125
1403638554.227830 3.206874 10.834335 2.256784 -0.360231 0.640564 0.491558 0.467206
1403638554.327830 3.278774 10.745717 2.270876 -0.353028 0.644945 0.497001 0.460876
1403638554.427830 3.361611 10.670284 2.288809 -0.349515 0.647147 0.500293 0.456888
1403638554.527829 3.435433 10.592890 2.301536 -0.348044 0.647818 0.501769 0.455438
1403638554.627830 3.500926 10.509281 2.307597 -0.350886 0.649556 0.500254 0.452439
1403638554.727830 3.569007 10.431979 2.321337 -0.356506 0.650561 0.496709 0.450504
1403638554.827830 3.634854 10.355696 2.339168 -0.361025 0.651424 0.494095 0.448530
1403638554.927830 3.701891 10.276498 2.359325 -0.364404 0.651705 0.491588 0.448142
1403638555.027829 3.772380 10.202762 2.378669 -0.364814 0.653555 0.487437 0.449646
1403638555.127830 3.841737 10.120959 2.388031 -0.358689 0.658248 0.482635 0.452897
1403638555.227830 3.917429 10.043886 2.395884 -0.352779 0.665226 0.474643 0.455781
1403638555.327830 3.993339 9.964320 2.397227 -0.346997 0.670594 0.468005 0.459204
1403638555.427830 4.070789 9.884116 2.395718 -0.339440 0.672844 0.465232 0.464350
1403638555.527829 4.148787 9.804740 2.391517 -0.336615 0.675007 0.461708 0.466778
1403638555.627830 4.225916 9.725365 2.387972 -0.334331 0.676108 0.460263 0.468251
1403638555.727830 4.301593 9.644750 2.392830 -0.334616 0.677632 0.458940 0.467141
1403638555.827830 4.376013 9.563317 2.408697 -0.333090 0.677964 0.460110 0.466600
1403638555.927830 4.450667 9.479204 2.426670 -0.331694 0.677618 0.461622 0.466603
1403638556.027829 4.526397 9.401606 2.452727 -0.330748 0.676451 0.462958 0.467642
1403638556.127830 4.600748 9.325865 2.477251 -0.329394 0.678423 0.464087 0.464613
1403638556.227830 4.677184 9.250358 2.495245 -0.327122 0.682992 0.465396 0.458169
1403638556.327830 4.754290 9.177853 2.508217 -0.326094 0.685561 0.466078 0.454357
1403638556.427830 4.829760 9.112565 2.519172 -0.324947 0.687562 0.466748 0.451458
1403638556.527829 4.905526 9.053982 2.528453 -0.321967 0.691114 0.468133 0.446710
1403638556.627830 4.985668 9.002284 2.539789 -0.326107 0.694349 0.464393 0.442577
1403638556.727830 5.062491 8.963298 2.553991 -0.333559 0.694172 0.458272 0.443678
1403638556.827830 5.150336 8.914526 2.576357 -0.339898 0.691434 0.453850 0.447670
1403638556.927830 5.241852 8.876011 2.605219 -0.344631 0.690217 0.450423 0.449388
1403638557.027829 5.342527 8.833756 2.632880 -0.345912 0.688938 0.449827 0.450959
1403638557.127830 5.447492 8.793343 2.652448 -0.343609 0.687113 0.452101 0.453227
1403638557.227830 5.554109 8.753072 2.665975 -0.342678 0.685724 0.453215 0.454918
1403638557.327830 5.662097 8.711931 2.672743 -0.341515 0.684855 0.454414 0.455906
1403638557.427830 5.775319 8.669445 2.678978 -0.338221 0.682756 0.457383 0.458531
1403638557.527829 5.890506 8.628199 2.690424 -0.332603 0.679886 0.461724 0.462538
1403638557.627830 6.004357 8.586435 2.707608 -0.329376 0.677597 0.464210 0.465707
1403638557.727830 6.116670 8.547359 2.729206 -0.328273 0.676899 0.464915 0.466796
1403638557.827830 6.226218 8.508404 2.748917 -0.326312 0.676629 0.465645 0.467834
1403638557.927830 6.335209 8.469469 2.762557 -0.323516 0.676846 0.467367 0.467744
1403638558.027829 6.442951 8.431753 2.770145 -0.321823 0.679488 0.468480 0.463954
1403638558.127830 6.549923 8.395762 2.772188 -0.319665 0.684545 0.469527 0.456900
1403638558.227830 6.658749 8.363298 2.776061 -0.316583 0.690722 0.471001 0.448148
1403638558.327830 6.768308 8.337354 2.787441 -0.312395 0.692371 0.473400 0.446009
1403638558.427830 6.877267 8.317946 2.810071 -0.306229 0.694678 0.477033 0.442814
1403638558.527829 6.987035 8.306227 2.839162 -0.302753 0.697797 0.478668 0.438517
1403638558.627830 7.099438 8.303692 2.875555 -0.307599 0.699127 0.474748 0.437286
1403638558.727830 7.215189 8.309809 2.915069 -0.318035 0.699846 0.466899 0.437121
1403638558.827830 7.331928 8.324178 2.950287 -0.323455 0.699456 0.462597 0.438339
1403638558.927830 7.453975 8.340564 2.977137 -0.324360 0.696321 0.461910 0.443359
1403638559.027829 7.577997 8.362361 2.996883 -0.325131 0.691197 0.461678 0.450987
1403638559.127830 7.702293 8.388374 3.008956 -0.326269 0.687413 0.461335 0.456269
1403638559.227830 7.826646 8.416748 3.014417 -0.325384 0.684088 0.462836 0.460360
1403638559.327830 7.950453 8.447001 3.013072 -0.323672 0.681675 0.464884 0.463074
1403638559.427830 8.072410 8.478723 3.005661 -0.319619 0.678934 0.468547 0.466214
1403638559.527829 8.189759 8.512132 2.992685 -0.318320 0.676989 0.470019 0.468445
1403638559.627830 8.304492 8.546063 2.975697 -0.318664 0.675252 0.470602 0.470130
1403638559.727830 8.415336 8.581433 2.958772 -0.319067 0.674302 0.471207 0.470613
1403638559.827830 8.522501 8.618449 2.947025 -0.320308 0.674837 0.471288 0.468919
1403638559.927830 8.627780 8.656716 2.940829 -0.320544 0.675979 0.468779 0.469627
1403638560.027829 8.732559 8.695993 2.929805 -0.317522 0.682072 0.459503 0.472033
1403638560.127830 8.835982 8.733988 2.911769 -0.310294 0.691490 0.443994 0.477942
1403638560.227830 8.939448 8.771895 2.887980 -0.298853 0.702593 0.424688 0.486507
1403638560.327830 9.039615 8.809043 2.861734 -0.287198 0.712250 0.402017 0.498598
1403638560.427830 9.137187 8.844861 2.832802 -0.275545 0.720985 0.377535 0.511589
1403638560.527829 9.235933 8.875370 2.803277 -0.263304 0.729726 0.352268 0.523524
1403638560.627830 9.329311 8.904286 2.766336 -0.253263 0.740738 0.324581 0.530859
1403638560.727830 9.418972 8.927859 2.728095 -0.246102 0.751630 0.297319 0.534872
1403638560.827830 9.505039 8.943169 2.696284 -0.235763 0.759557 0.274441 0.540529
1403638560.927830 9.589299 8.951577 2.671697 -0.225520 0.765813 0.251871 0.547021
1403638561.027829 9.671485 8.952217 2.655642 -0.212623 0.768744 0.232040 0.556760
1403638561.127830 9.752321 8.945086 2.646321 -0.201194 0.771603 0.212850 0.564664
1403638561.227830 9.829345 8.929943 2.643783 -0.192173 0.773037 0.197305 0.571450
1403638561.327830 9.900642 8.907463 2.647307 -0.185949 0.774789 0.187374 0.574470
1403638561.427830 9.965878 8.876648 2.649273 -0.173814 0.780831 0.187842 0.569918
1403638561.527829 10.029084 8.840022 2.648460 -0.161287 0.785194 0.192972 0.565879
1403638561.627830 10.088935 8.800133 2.640953 -0.154546 0.787827 0.196820 0.562767
1403638561.727830 10.144371 8.758314 2.628929 -0.153083 0.788568 0.199286 0.561259
1403638561.827830 10.197998 8.716585 2.610225 -0.151723 0.787982 0.201264 0.561745
1403638561.927830 10.249171 8.671984 2.587841 -0.147575 0.787942 0.200093 0.563322
1403638562.027829 10.298863 8.627900 2.560979 -0.142104 0.789489 0.192700 0.565138
1403638562.127830 10.344187 8.580517 2.542703 -0.134729 0.791693 0.182966 0.567093
1403638562.227830 10.386390 8.533896 2.528973 -0.127775 0.793206 0.174816 0.569155
1403638562.327830 10.426603 8.488420 2.521513 -0.121799 0.794582 0.165033 0.571462
1403638562.427830 10.462511 8.441741 2.518000 -0.114937 0.796292 0.151220 0.574318
1403638562.527829 10.498671 8.394574 2.521042 -0.106015 0.799634 0.133561 0.575767
1403638562.627830 10.534645 8.346514 2.529924 -0.097451 0.802134 0.111238 0.578541
1403638562.727830 10.565202 8.296690 2.542427 -0.088466 0.805143 0.086379 0.580049
1403638562.827830 10.592320 8.243550 2.553050 -0.077135 0.807371 0.060870 0.581804
1403638562.927830 10.614551 8.186779 2.558165 -0.063336 0.809271 0.036911 0.582844
1403638563.027829 10.632897 8.126688 2.557660 -0.051150 0.809913 0.014004 0.584148
1403638563.127830 10.646717 8.062505 2.552184 -0.043993 0.810737 -0.010119 0.583668
1403638563.227830 10.655940 7.992723 2.542862 -0.030695 0.809296 -0.025971 0.586024
1403638563.327830 10.659947 7.919224 2.528851 -0.020904 0.804913 -0.036958 0.591872
1403638563.427830 10.658142 7.841798 2.510444 -0.017179 0.796450 -0.045389 0.602754
1403638563.527829 10.654593 7.759230 2.487098 -0.013751 0.794376 -0.047987 0.605371
1403638563.627830 10.634915 7.673350 2.467263 -0.009962 0.796964 -0.047177 0.602099
1403638563.727830 10.612543 7.582824 2.455048 -0.012288 0.799857 -0.047712 0.598165
1403638563.827830 10.585088 7.486237 2.449753 -0.015994 0.801243 -0.047697 0.596221
1403638563.927830 10.553036 7.384659 2.453240 -0.019399 0.800648 -0.046495 0.597013
1403638564.027829 10.516943 7.276640 2.458237 -0.023308 0.800244 -0.044222 0.597588
1403638564.127830 10.473363 7.163860 2.458273 -0.026605 0.800036 -0.040851 0.597969
1403638564.227830 10.424667 7.045194 2.454295 -0.027051 0.799207 -0.035392 0.599403
1403638564.327830 10.373453 6.918099 2.452069 -0.025250 0.798052 -0.028898 0.601365
1403638564.427830 10.312907 6.790052 2.456435 -0.025655 0.796012 -0.025005 0.604219
1403638564.527829 10.246342 6.657085 2.466545 -0.026861 0.795957 -0.022662 0.604332
1403638564.627830 10.172885 6.523219 2.480836 -0.030932 0.798194 -0.023501 0.601146
1403638564.727830 10.094764 6.383696 2.490628 -0.035828 0.799670 -0.026692 0.598775
1403638564.827830 10.007868 6.240919 2.492069 -0.038580 0.799939 -0.029764 0.598099
1403638564.927830 9.921403 6.091218 2.483601 -0.040830 0.799192 -0.032222 0.598822
1403638565.027829 9.828681 5.934568 2.456001 -0.042155 0.799200 -0.033178 0.598667
1403638565.127830 9.732188 5.773932 2.412272 -0.042998 0.799880 -0.033807 0.597662
1403638565.227830 9.632726 5.607185 2.356969 -0.042547 0.800719 -0.033379 0.596594
1403638565.327830 9.528807 5.434660 2.298177 -0.040132 0.801588 -0.032515 0.595642
1403638565.427830 9.423570 5.258061 2.236760 -0.037799 0.802414 -0.031194 0.594752
1403638565.527829 9.314854 5.074283 2.179664 -0.032359 0.800348 -0.029546 0.597932
1403638565.627830 9.203692 4.886988 2.130751 -0.023949 0.798715 -0.026046 0.600669
1403638565.727830 9.087173 4.696715 2.089061 -0.011840 0.799657 -0.019580 0.600021
1403638565.827830 8.965252 4.507017 2.054909 -0.005579 0.802534 -0.016874 0.596341
1403638565.927830 8.838835 4.322732 2.027504 0.000478 0.804831 -0.014795 0.593319
1403638566.027829 8.706609 4.136952 1.998285 0.001191 0.805992 -0.015629 0.591719
1403638566.127830 8.573501 3.956319 1.961079 0.001537 0.806130 -0.015947 0.591521
1403638566.227830 8.438128 3.780623 1.914442 0.001883 0.805788 -0.015723 0.591992
1403638566.327830 8.304577 3.609851 1.859906 0.001297 0.806807 -0.015639 0.590607
1403638566.427830 8.169784 3.441432 1.797451 0.000869 0.806635 -0.014385 0.590874
1403638566.527829 8.036971 3.276893 1.728945 -0.001203 0.806937 -0.013721 0.590477
1403638566.627830 7.904573 3.118243 1.653020 -0.002913 0.813505 -0.012452 0.581418
1403638566.727830 7.774792 2.963525 1.570539 -0.003663 0.825737 -0.011142 0.563933
1403638566.827830 7.652304 2.812755 1.484733 -0.002948 0.835318 -0.007836 0.549703
1403638566.927830 7.536720 2.663496 1.396622 -0.003075 0.841441 -0.005104 0.540316
1403638567.027829 7.431654 2.518764 1.307385 -0.004323 0.841249 -0.003800 0.540617
1403638567.127830 7.334680 2.378628 1.220916 -0.003054 0.828641 -0.001610 0.559770
1403638567.227830 7.240872 2.238939 1.129461 -0.001841 0.817317 -0.000268 0.576186
1403638567.327830 7.146555 2.102603 1.032557 0.001154 0.811660 0.000839 0.584128
1403638567.427830 7.051882 1.970189 0.934712 0.003324 0.811177 0.000605 0.584792
1403638567.527829 6.954808 1.839874 0.842076 0.005024 0.813726 -0.000430 0.581227
1403638567.627830 6.857738 1.714720 0.757579 0.007236 0.817563 -0.001416 0.575792
1403638567.727830 6.758485 1.591518 0.684921 0.009935 0.820744 -0.001971 0.571206
1403638567.827830 6.664958 1.474957 0.620712 0.011988 0.824748 -0.002247 0.565369
1403638567.927830 6.579737 1.364588 0.563794 0.009682 0.826344 -0.004801 0.563062
1403638568.027829 6.501172 1.260391 0.513983 0.010894 0.827030 -0.004887 0.562030
1403638568.127830 6.426664 1.159983 0.473703 0.013614 0.826164 -0.003391 0.563255
1403638568.227830 6.356066 1.064818 0.441507 0.015676 0.825465 -0.002290 0.564231
1403638568.327830 6.288511 0.974792 0.414517 0.016468 0.825632 -0.002227 0.563965
1403638568.427830 6.223094 0.890870 0.380969 0.016681 0.826891 -0.002648 0.562109
1403638568.527829 6.162080 0.811035 0.347605 0.017427 0.827659 -0.002069 0.560958
1403638568.627830 6.104132 0.737013 0.307185 0.018170 0.829261 -0.001698 0.558564
1403638568.727830 6.049305 0.664484 0.269373 0.019779 0.830567 0.000072 0.556567
1403638568.827830 5.997414 0.598953 0.238335 0.017767 0.830514 -0.000918 0.556714
1403638568.927830 5.953724 0.541285 0.211822 0.018844 0.830460 -0.000300 0.556759
1403638569.027829 5.911890 0.487661 0.197960 0.018795 0.829580 -0.000295 0.558072
1403638569.127830 5.875704 0.438678 0.186316 0.020447 0.829655 0.000878 0.557901
1403638569.227830 5.839017 0.393413 0.182830 0.022439 0.831132 0.001873 0.555619
1403638569.327830 5.810484 0.355760 0.173693 0.023603 0.831833 0.002080 0.554520
1403638569.427830 5.782064 0.319616 0.162231 0.024447 0.830838 0.002681 0.555971
1403638569.527829 5.762660 0.291479 0.143333 0.024451 0.829608 0.002945 0.557803
1403638569.627830 5.746527 0.267542 0.125134 0.023921 0.828224 0.002314 0.559882
1403638569.727830 5.733157 0.248281 0.114593 0.024636 0.827311 0.002703 0.561198
1403638569.827830 5.725685 0.239316 0.110938 0.024572 0.826675 0.003127 0.562134
1403638569.927830 5.720848 0.234504 0.112636 0.025581 0.824841 0.003750 0.564773
1403638570.027829 5.719230 0.235934 0.115295 0.023330 0.823701 0.002505 0.566539
1403638570.127830 5.720477 0.242682 0.112990 0.019781 0.823929 0.000189 0.566348
1403638570.227830 5.722727 0.252341 0.104708 0.013657 0.823586 -0.003172 0.567017
1403638570.327830 5.725764 0.263614 0.091050 0.004827 0.823481 -0.009502 0.567244
1403638570.427830 5.730525 0.275639 0.073120 0.001164 0.823466 -0.019653 0.567024
1403638570.527829 5.737933 0.283856 0.049154 -0.005116 0.822895 -0.041579 0.566647
1403638570.627830 5.743020 0.287368 0.019349 -0.009268 0.820056 -0.070814 0.567809
1403638570.727830 5.748479 0.280902 -0.012446 -0.003916 0.812965 -0.098557 0.573899
1403638570.827830 5.751262 0.264806 -0.046363 0.005280 0.801271 -0.125976 0.584865
1403638570.927830 5.747660 0.238563 -0.083320 0.019284 0.792119 -0.149142 0.591551
1403638571.027829 5.736554 0.201401 -0.124009 0.034457 0.785944 -0.170489 0.593328
1403638571.127830 5.716638 0.154609 -0.167952 0.054927 0.787484 -0.186465 0.584879
1403638571.227830 5.688131 0.099324 -0.204876 0.076657 0.790108 -0.195115 0.576006
1403638571.327830 5.654535 0.037671 -0.231519 0.095087 0.790647 -0.199927 0.570846
1403638571.427830 5.615477 -0.027402 -0.248097 0.102964 0.788631 -0.206028 0.570098
1403638571.527829 5.571323 -0.096432 -0.257056 0.108846 0.785643 -0.209417 0.571893
1403638571.627830 5.522577 -0.168467 -0.267354 0.115476 0.784494 -0.216293 0.569608
1403638571.727830 5.471225 -0.243818 -0.282965 0.122555 0.784717 -0.227887 0.563264
1403638571.827830 5.416912 -0.322314 -0.303595 0.130924 0.783700 -0.243191 0.556355
1403638571.927830 5.361537 -0.404208 -0.327198 0.138406 0.779331 -0.262584 0.551848
1403638572.027829 5.302573 -0.490908 -0.340506 0.147263 0.773375 -0.282176 0.548253
1403638572.127830 5.241000 -0.581286 -0.346872 0.158307 0.766454 -0.300301 0.545258
1403638572.227830 5.174568 -0.675162 -0.347896 0.175034 0.761240 -0.315189 0.539011
1403638572.327830 5.107223 -0.770654 -0.342963 0.188583 0.757428 -0.333095 0.528949
1403638572.427830 5.039911 -0.870787 -0.344012 0.202420 0.753031 -0.349918 0.519161
1403638572.527829 4.973558 -0.974216 -0.347626 0.215224 0.749818 -0.360576 0.511309
1403638572.627830 4.909289 -1.081272 -0.351606 0.223800 0.746751 -0.367216 0.507374
1403638572.727830 4.847635 -1.192346 -0.351057 0.230969 0.746518 -0.369769 0.502629
1403638572.827830 4.788710 -1.305764 -0.342388 0.236910 0.748593 -0.368859 0.497419
1403638572.927830 4.734683 -1.424248 -0.325939 0.238263 0.750493 -0.368194 0.494392
1403638573.027829 4.683596 -1.545883 -0.309926 0.238621 0.752935 -0.366924 0.491442
1403638573.127830 4.639742 -1.666520 -0.298921 0.237431 0.755099 -0.365320 0.489892
1403638573.227830 4.597066 -1.794056 -0.294021 0.235733 0.755996 -0.363448 0.490720
1403638573.327830 4.561821 -1.922535 -0.287828 0.234189 0.757005 -0.361339 0.491459
1403638573.427830 4.527938 -2.053086 -0.281156 0.235226 0.758052 -0.361672 0.489100
1403638573.527829 4.504291 -2.185691 -0.266432 0.238265 0.757865 -0.361742 0.487866
1403638573.627830 4.481712 -2.320676 -0.243880 0.239547 0.757481 -0.362165 0.487520
1403638573.727830 4.465073 -2.456033 -0.215920 0.243973 0.756850 -0.364107 0.484852
1403638573.827830 4.455413 -2.592672 -0.185000 0.254807 0.749807 -0.368403 0.486973
1403638573.927830 4.451635 -2.729866 -0.158516 0.268936 0.737534 -0.377470 0.491155
1403638574.027829 4.453053 -2.864806 -0.138908 0.276548 0.719734 -0.396224 0.498508
1403638574.127830 4.455687 -2.996015 -0.125320 0.282071 0.698808 -0.419789 0.505847
1403638574.227830 4.456967 -3.123020 -0.117036 0.289361 0.678320 -0.444070 0.508876
1403638574.327830 4.453115 -3.246583 -0.112609 0.300305 0.663224 -0.465801 0.502971
1403638574.427830 4.440322 -3.368775 -0.111217 0.314452 0.651898 -0.484445 0.491388
1403638574.527829 4.426657 -3.489007 -0.113362 0.326476 0.641165 -0.501816 0.480106
1403638574.627830 4.406309 -3.606385 -0.107564 0.337353 0.631912 -0.512663 0.473347
1403638574.727830 4.382603 -3.723039 -0.094904 0.349829 0.629112 -0.516873 0.463336
1403638574.827830 4.356519 -3.835147 -0.075264 0.356721 0.631294 -0.519579 0.451947
1403638574.927830 4.333031 -3.947993 -0.059372 0.355672 0.633645 -0.524206 0.444071
1403638575.027829 4.308191 -4.057219 -0.049119 0.351852 0.634540 -0.527873 0.441486
1403638575.127830 4.282790 -4.165071 -0.045496 0.344458 0.632113 -0.532609 0.445095
1403638575.227830 4.254590 -4.270649 -0.044262 0.340022 0.630023 -0.534475 0.449214
1403638575.327830 4.224227 -4.379945 -0.048095 0.336518 0.630618 -0.535020 0.450366
1403638575.427830 4.189109 -4.488160 -0.058148 0.333103 0.635716 -0.534413 0.446441
1403638575.527829 4.153309 -4.599558 -0.068436 0.331775 0.640388 -0.532164 0.443430
1403638575.627830 4.115035 -4.715832 -0.074946 0.334101 0.647011 -0.527452 0.437661
1403638575.727830 4.076290 -4.837357 -0.073556 0.336669 0.653113 -0.522752 0.432236
1403638575.827830 4.038907 -4.962390 -0.063000 0.337631 0.658931 -0.520031 0.425891
1403638575.927830 4.006272 -5.089333 -0.042819 0.336792 0.660719 -0.518889 0.425178
1403638576.027829 3.976684 -5.223068 -0.012086 0.336932 0.661101 -0.517591 0.426054
1403638576.127830 3.949578 -5.363005 0.023493 0.337673 0.660839 -0.516897 0.426715
1403638576.227830 3.926476 -5.506083 0.060796 0.340076 0.659922 -0.515238 0.428231
1403638576.327830 3.905336 -5.660493 0.091851 0.344787 0.660944 -0.512034 0.426727
1403638576.427830 3.888770 -5.816102 0.116195 0.348172 0.663037 -0.509850 0.423333
1403638576.527829 3.878028 -5.971312 0.135229 0.353689 0.666738 -0.506035 0.417484
1403638576.627830 3.874290 -6.129921 0.149621 0.357356 0.669488 -0.503617 0.412859
1403638576.727830 3.880536 -6.287075 0.160081 0.360572 0.668719 -0.501157 0.414300
1403638576.827830 3.894565 -6.446200 0.166262 0.365276 0.664585 -0.497800 0.420826
1403638576.927830 3.915487 -6.605226 0.167331 0.365155 0.658992 -0.498167 0.429210
1403638577.027829 3.942643 -6.761942 0.164759 0.360883 0.654322 -0.501264 0.436303
1403638577.127830 3.973340 -6.916643 0.166898 0.357492 0.650711 -0.504009 0.441304
1403638577.227830 4.007581 -7.069361 0.176329 0.355156 0.649150 -0.505872 0.443353
1403638577.327830 4.044565 -7.227489 0.193727 0.359007 0.651510 -0.502987 0.440059
1403638577.427830 4.084067 -7.377495 0.218349 0.365258 0.656043 -0.497947 0.433870
1403638577.527829 4.129093 -7.525820 0.244334 0.365653 0.656673 -0.497364 0.433252
1403638577.627830 4.179521 -7.670928 0.264910 0.362805 0.655844 -0.499326 0.434643
1403638577.727830 4.233772 -7.813963 0.279069 0.360394 0.655687 -0.500788 0.435203
1403638577.827830 4.291555 -7.955626 0.283954 0.357991 0.655451 -0.501967 0.436183
1403638577.927830 4.352409 -8.095180 0.285067 0.357903 0.655669 -0.501228 0.436777
1403638578.027829 4.417651 -8.234109 0.289392 0.358760 0.655871 -0.499787 0.437422
1403638578.127830 4.486963 -8.370985 0.299208 0.356118 0.654387 -0.500635 0.440820
1403638578.227830 4.559594 -8.508056 0.315939 0.347925 0.649403 -0.505896 0.448657
1403638578.327830 4.632131 -8.645628 0.336018 0.341771 0.646125 -0.509978 0.453473
1403638578.427830 4.703509 -8.782997 0.351867 0.341635 0.645507 -0.510523 0.453842
1403638578.527829 4.771665 -8.915494 0.361663 0.341689 0.644923 -0.511126 0.453952
1403638578.627830 4.836883 -9.047629 0.367065 0.342825 0.644062 -0.511007 0.454453
1403638578.727830 4.900869 -9.180002 0.368852 0.346829 0.645538 -0.508658 0.451948
1403638578.827830 4.964207 -9.310876 0.366636 0.352179 0.649132 -0.504935 0.446810
1403638578.927830 5.027407 -9.436647 0.362034 0.356422 0.650253 -0.502088 0.445019
1403638579.027829 5.093139 -9.561576 0.361713 0.358274 0.651300 -0.499973 0.444382
1403638579.127830 5.162856 -9.688045 0.371397 0.358681 0.651573 -0.498947 0.444806
1403638579.227830 5.234125 -9.810592 0.388225 0.358486 0.651512 -0.498692 0.445338
1403638579.327830 5.308725 -9.932282 0.409837 0.355236 0.650008 -0.500383 0.448234
1403638579.427830 5.382253 -10.046428 0.429472 0.347520 0.645508 -0.505732 0.454736
1403638579.527829 5.453876 -10.151533 0.441383 0.342541 0.642339 -0.508105 0.460321
1403638579.627830 5.520806 -10.248756 0.448789 0.344284 0.639746 -0.500040 0.471331
1403638579.727830 5.592456 -10.356607 0.450923 0.345363 0.645076 -0.483774 0.480172
1403638579.827830 5.661068 -10.456621 0.447242 0.338787 0.659934 -0.463379 0.484759
1403638579.927830 5.726632 -10.548424 0.437123 0.324272 0.680168 -0.439752 0.488709
1403638580.027829 5.795318 -10.639909 0.423840 0.307633 0.696980 -0.409541 0.501853
1403638580.127830 5.863150 -10.723212 0.409060 0.290356 0.709142 -0.372821 0.523274
1403638580.227830 5.928340 -10.796691 0.388393 0.266487 0.724075 -0.335760 0.540338
1403638580.327830 5.988678 -10.860856 0.361688 0.237287 0.740821 -0.303787 0.550084
1403638580.427830 6.043689 -10.917433 0.329654 0.206988 0.754026 -0.282987 0.555445
1403638580.527829 6.093211 -10.970182 0.294972 0.185743 0.762259 -0.268441 0.558928
1403638580.627830 6.137943 -11.020852 0.259860 0.169615 0.770176 -0.254480 0.559732
1403638580.727830 6.178519 -11.070340 0.228440 0.156058 0.780702 -0.238503 0.556117
1403638580.827830 6.216194 -11.119618 0.205265 0.149063 0.788482 -0.225414 0.552508
1403638580.927830 6.252444 -11.168644 0.194592 0.145089 0.792560 -0.217247 0.551000
1403638581.027829 6.286732 -11.217033 0.189952 0.140743 0.793669 -0.215171 0.551346
1403638581.127830 6.320654 -11.265467 0.193418 0.141695 0.794104 -0.213276 0.551212
1403638581.227830 6.358511 -11.312999 0.209751 0.144551 0.794254 -0.212916 0.550393
1403638581.327830 6.392293 -11.357995 0.219496 0.148504 0.793882 -0.213606 0.549610
1403638581.427830 6.427760 -11.397781 0.238026 0.152083 0.792038 -0.214887 0.550791
1403638581.527829 6.458842 -11.435378 0.255213 0.154679 0.790809 -0.217231 0.550914
1403638581.627830 6.492339 -11.468125 0.284466 0.158738 0.788438 -0.218538 0.552638
1403638581.727830 6.522902 -11.499094 0.302499 0.163226 0.783793 -0.218486 0.557934
1403638581.827830 6.553064 -11.519680 0.327007 0.165158 0.782086 -0.220114 0.559119
1403638581.927830 6.578216 -11.533460 0.347337 0.168369 0.775321 -0.219945 0.567585
1403638582.027829 6.600198 -11.548445 0.352192 0.170521 0.771825 -0.219231 0.571967
1403638582.127830 6.621445 -11.560723 0.363466 0.168653 0.778187 -0.221446 0.562977
1403638582.227830 6.642805 -11.572608 0.380996 0.165968 0.784281 -0.223677 0.554371
1403638582.327830 6.665011 -11.584221 0.409968 0.167999 0.782748 -0.221882 0.556642
1403638582.427830 6.690988 -11.595262 0.448301 0.169516 0.780237 -0.220440 0.560268
1403638582.527829 6.715889 -11.600862 0.496937 0.170560 0.779094 -0.219494 0.561912
1403638582.627830 6.741635 -11.607615 0.552682 0.171071 0.778961 -0.218964 0.562147
1403638582.727830 6.765088 -11.606400 0.620561 0.170296 0.781563 -0.219868 0.558405
1403638582.827830 6.787680 -11.600622 0.694220 0.169865 0.782905 -0.220817 0.556278
1403638582.927830 6.809120 -11.590596 0.764833 0.169632 0.784197 -0.221942 0.554078
1403638583.027829 6.831990 -11.583749 0.822025 0.168683 0.786977 -0.223399 0.549824
1403638583.127830 6.851875 -11.567915 0.876919 0.168243 0.789049 -0.224546 0.546511
1403638583.227830 6.872309 -11.548862 0.923599 0.167384 0.790087 -0.225983 0.544681
1403638583.327830 6.895904 -11.530001 0.965752 0.167858 0.789972 -0.225851 0.544756
1403638583.427830 6.921721 -11.512062 1.003570 0.167540 0.790309 -0.226092 0.544265
1403638583.527829 6.949153 -11.492050 1.043704 0.167245 0.790893 -0.226156 0.543480
1403638583.627830 6.977060 -11.468883 1.092569 0.168044 0.790783 -0.225585 0.543632
1403638583.727830 7.006415 -11.437970 1.132642 0.169321 0.790640 -0.224743 0.543791
1403638583.827830 7.036249 -11.406632 1.179582 0.169923 0.790446 -0.224213 0.544104
1403638583.927830 7.068196 -11.376912 1.221241 0.169611 0.789626 -0.224206 0.545395
1403638584.027829 7.099894 -11.338296 1.238533 0.170723 0.788857 -0.223386 0.546495
1403638584.127830 7.128889 -11.297801 1.264451 0.174974 0.781816 -0.220195 0.556472
1403638584.227830 7.159375 -11.259043 1.290686 0.178970 0.772076 -0.216658 0.570024
1403638584.327830 7.190818 -11.216361 1.292044 0.180213 0.766198 -0.215372 0.577996
1403638584.427830 7.215799 -11.167623 1.287395 0.179995 0.765265 -0.215248 0.579344
1403638584.527829 7.226866 -11.105924 1.276046 0.179409 0.764749 -0.215504 0.580111
1403638584.627830 7.236885 -11.042388 1.283083 0.179083 0.765944 -0.215277 0.578718
1403638584.727830 7.243443 -10.973680 1.300203 0.176976 0.769625 -0.216361 0.574060
1403638584.827830 7.247580 -10.897796 1.325890 0.172519 0.777819 -0.219375 0.563124
1403638584.927830 7.232624 -10.820310 1.322163 0.167502 0.783889 -0.223364 0.554590
1403638585.027829 7.214361 -10.739696 1.310141 0.165695 0.786637 -0.224601 0.550729
1403638585.127830 7.193030 -10.658092 1.290854 0.164228 0.786808 -0.225767 0.550446
1403638585.227830 7.182558 -10.581965 1.282560 0.164049 0.785711 -0.225927 0.551999
1403638585.327830 7.160073 -10.509732 1.257340 0.164779 0.783330 -0.224764 0.555628
1403638585.427830 7.154782 -10.433191 1.248460 0.164502 0.782784 -0.224572 0.556557
1403638585.527829 7.145371 -10.358482 1.236696 0.164655 0.783758 -0.224363 0.555223
1403638585.627830 7.143495 -10.279519 1.240172 0.163845 0.785826 -0.224436 0.552504
1403638585.727830 7.134631 -10.204222 1.247746 0.162443 0.789814 -0.225085 0.546939
1403638585.827830 7.136282 -10.124935 1.268144 0.159759 0.794559 -0.227122 0.539971
1403638585.927830 7.143393 -10.048734 1.295156 0.156791 0.796976 -0.229766 0.536147
1403638586.027829 7.139543 -9.974465 1.328720 0.156759 0.794160 -0.230112 0.540171
1403638586.127830 7.148972 -9.900654 1.358992 0.158988 0.790420 -0.229884 0.545081
1403638586.227830 7.152666 -9.826418 1.382644 0.160756 0.787974 -0.228893 0.548509
1403638586.327830 7.163189 -9.752527 1.400787 0.164069 0.784729 -0.227183 0.552875
1403638586.427830 7.164636 -9.675937 1.413748 0.171771 0.781924 -0.222361 0.556457
1403638586.527829 7.172482 -9.597243 1.422303 0.178432 0.780793 -0.218256 0.557574
1403638586.627830 7.168710 -9.504011 1.422306 0.176029 0.781209 -0.220109 0.557026
1403638586.727830 7.175868 -9.422510 1.418978 0.172532 0.781271 -0.222696 0.557005
1403638586.827830 7.182832 -9.334179 1.408117 0.169517 0.780430 -0.224743 0.558286
1403638586.927830 7.185531 -9.247949 1.391999 0.169473 0.779799 -0.224301 0.559358
1403638587.027829 7.186932 -9.157656 1.371278 0.168686 0.779570 -0.224619 0.559787
1403638587.127830 7.184212 -9.065786 1.352289 0.167940 0.779695 -0.225178 0.559613
1403638587.227830 7.185600 -8.974904 1.341581 0.167760 0.781960 -0.224616 0.556724
1403638587.327830 7.184318 -8.882536 1.339058 0.167478 0.783528 -0.225133 0.554391
1403638587.427830 7.181330 -8.788937 1.340887 0.166035 0.784150 -0.226069 0.553565
1403638587.527829 7.179825 -8.690958 1.342115 0.164827 0.783868 -0.227119 0.553895
1403638587.627830 7.179936 -8.594529 1.339182 0.163919 0.783822 -0.228400 0.553703
1403638587.727830 7.177945 -8.497573 1.329477 0.164245 0.783636 -0.228361 0.553885
1403638587.827830 7.176878 -8.402060 1.316788 0.163523 0.783171 -0.229596 0.554246
1403638587.927830 7.177868 -8.308414 1.296337 0.163185 0.782801 -0.230089 0.554664
1403638588.027829 7.176446 -8.216912 1.274387 0.162986 0.782146 -0.230155 0.555619
1403638588.127830 7.177816 -8.130786 1.246870 0.166225 0.782483 -0.227879 0.555122
1403638588.227830 7.173528 -8.038317 1.220156 0.172608 0.783276 -0.223205 0.553954
1403638588.327830 7.175398 -7.948395 1.194270 0.173324 0.783919 -0.222283 0.553191
1403638588.427830 7.173416 -7.851828 1.178898 0.173150 0.783795 -0.222187 0.553460
1403638588.527829 7.177749 -7.755429 1.168633 0.171007 0.783593 -0.223666 0.553816
1403638588.627830 7.174623 -7.653098 1.169829 0.168707 0.782943 -0.224896 0.554942
1403638588.727830 7.172153 -7.549824 1.175603 0.166013 0.781290 -0.226902 0.557263
1403638588.827830 7.167220 -7.445296 1.184153 0.165191 0.780647 -0.227696 0.558083
1403638588.927830 7.161914 -7.343433 1.186964 0.163877 0.780454 -0.229189 0.558130
1403638589.027829 7.155062 -7.243267 1.181386 0.163754 0.780453 -0.229888 0.557879
1403638589.127830 7.150103 -7.143934 1.172077 0.165234 0.780654 -0.229450 0.557342
1403638589.227830 7.142114 -7.040087 1.155448 0.165369 0.780310 -0.229417 0.557797
1403638589.327830 7.138466 -6.940489 1.138377 0.165559 0.779683 -0.229565 0.558555
1403638589.427830 7.127795 -6.834578 1.121574 0.164967 0.779730 -0.229815 0.558562
1403638589.527829 7.116919 -6.731610 1.114207 0.164797 0.780124 -0.229838 0.558053
1403638589.627830 7.101927 -6.625346 1.110043 0.165195 0.779921 -0.229618 0.558309
1403638589.727830 7.092165 -6.526535 1.118952 0.164563 0.781744 -0.230366 0.555632
1403638589.827830 7.077391 -6.424231 1.127221 0.164204 0.782588 -0.231288 0.554165
1403638589.927830 7.066770 -6.328785 1.136386 0.165381 0.783138 -0.231289 0.553036
1403638590.027829 7.052370 -6.224272 1.133335 0.164457 0.782706 -0.232760 0.553306
1403638590.127830 7.041511 -6.130214 1.132363 0.165069 0.782236 -0.233066 0.553660
1403638590.227830 7.027512 -6.028658 1.120702 0.165474 0.781391 -0.233391 0.554595
1403638590.327830 7.017931 -5.933849 1.109879 0.165451 0.781133 -0.233641 0.554859
1403638590.427830 7.001867 -5.839044 1.091208 0.165843 0.782165 -0.233826 0.553209
1403638590.527829 6.989078 -5.747605 1.073410 0.164611 0.782279 -0.234634 0.553072
1403638590.627830 6.972552 -5.651441 1.058565 0.163761 0.784330 -0.235079 0.550224
1403638590.727830 6.959556 -5.563910 1.052552 0.161490 0.785425 -0.236475 0.548733
1403638590.827830 6.944734 -5.471231 1.055012 0.161651 0.786470 -0.236208 0.547303
1403638590.927830 6.932638 -5.383568 1.063884 0.160683 0.787041 -0.236946 0.546446
1403638591.027829 6.917726 -5.291018 1.078634 0.159554 0.787802 -0.238129 0.545165
1403638591.127830 6.905358 -5.202941 1.093547 0.158972 0.790484 -0.238923 0.541090
1403638591.227830 6.887678 -5.110176 1.097501 0.157401 0.795393 -0.240438 0.533634
1403638591.327830 6.876313 -5.026175 1.096603 0.154137 0.801083 -0.242982 0.524850
1403638591.427830 6.870572 -4.943323 1.092015 0.151725 0.804287 -0.245171 0.519608
1403638591.527829 6.871992 -4.869118 1.081535 0.148864 0.806873 -0.247509 0.515301
1403638591.627830 6.880517 -4.802514 1.065422 0.146855 0.808940 -0.248953 0.511929
1403638591.727830 6.897461 -4.744004 1.048650 0.146649 0.807817 -0.249709 0.513392
1403638591.827830 6.921303 -4.693453 1.032668 0.148036 0.805377 -0.248594 0.517354
1403638591.927830 6.952815 -4.658831 1.021271 0.149135 0.802728 -0.247242 0.521784
1403638592.027829 6.989180 -4.625498 1.019302 0.149587 0.800064 -0.246715 0.525978
1403638592.127830 7.031901 -4.603244 1.025789 0.149531 0.798533 -0.245325 0.528962
1403638592.227830 7.076882 -4.585498 1.042644 0.145314 0.793818 -0.241994 0.538679
1403638592.327830 7.124695 -4.575726 1.070814 0.138026 0.789015 -0.235261 0.550505
1403638592.427830 7.172216 -4.569626 1.106577 0.126755 0.788429 -0.223496 0.558894
1403638592.527829 7.215588 -4.565556 1.148357 0.116177 0.793410 -0.208812 0.559823
1403638592.627830 7.255504 -4.562777 1.195756 0.109436 0.800589 -0.195479 0.555760
1403638592.727830 7.294771 -4.561936 1.244988 0.103833 0.807632 -0.185859 0.549914
1403638592.827830 7.334348 -4.564068 1.290461 0.098769 0.813891 -0.180205 0.543464
1403638592.927830 7.374539 -4.568143 1.331189 0.096995 0.817281 -0.175778 0.540135
1403638593.027829 7.417376 -4.576605 1.367239 0.096078 0.818623 -0.173168 0.539109
1403638593.127830 7.466150 -4.591199 1.398160 0.095626 0.818667 -0.172092 0.539467
1403638593.227830 7.519783 -4.610103 1.434412 0.098492 0.815211 -0.170186 0.544763
1403638593.327830 7.574940 -4.630328 1.479265 0.106608 0.812483 -0.165527 0.548733
1403638593.427830 7.633063 -4.652979 1.523727 0.116623 0.807785 -0.160058 0.555216
1403638593.527829 7.687501 -4.671033 1.567023 0.121969 0.803966 -0.158258 0.560104
1403638593.627830 7.744661 -4.687843 1.600595 0.125020 0.802003 -0.158075 0.562293
1403638593.727830 7.802944 -4.702354 1.625846 0.126834 0.800081 -0.157790 0.564700
1403638593.827830 7.860978 -4.712387 1.647970 0.125641 0.793784 -0.158910 0.573471
1403638593.927830 7.914990 -4.714549 1.679329 0.119861 0.784493 -0.156954 0.587851
1403638594.027829 7.962860 -4.714868 1.709840 0.112013 0.786876 -0.154118 0.586964
1403638594.127830 8.003768 -4.713054 1.745140 0.106583 0.792757 -0.151046 0.580829
1403638594.227830 8.039780 -4.709837 1.781957 0.106518 0.797496 -0.145962 0.575629
1403638594.327830 8.073306 -4.704682 1.813874 0.106789 0.797664 -0.141687 0.576415
1403638594.427830 8.101895 -4.696402 1.850690 0.111166 0.796124 -0.135378 0.579226
1403638594.527829 8.126690 -4.683945 1.887307 0.109664 0.795774 -0.134154 0.580276
1403638594.627830 8.144967 -4.666445 1.935203 0.103946 0.796333 -0.136610 0.579988
1403638594.727830 8.161993 -4.647966 1.979530 0.100220 0.796917 -0.139561 0.579139
1403638594.827830 8.169678 -4.627330 2.021762 0.098756 0.797237 -0.141258 0.578538
1403638594.927830 8.180472 -4.606942 2.053419 0.098672 0.798110 -0.142266 0.577101
1403638595.027829 8.188135 -4.584880 2.079026 0.098061 0.799655 -0.143873 0.574662
1403638595.127830 8.188000 -4.559268 2.102323 0.098073 0.800558 -0.145012 0.573114
1403638595.227830 8.192854 -4.537179 2.114836 0.098900 0.801027 -0.145358 0.572229
1403638595.327830 8.196580 -4.514265 2.123078 0.099350 0.801118 -0.145612 0.571958
1403638595.427830 8.198458 -4.490793 2.126373 0.099012 0.800966 -0.146494 0.572005
1403638595.527829 8.198957 -4.467260 2.125052 0.099076 0.801549 -0.146512 0.571172
1403638595.627830 8.198480 -4.443472 2.124990 0.099697 0.802146 -0.145814 0.570404
1403638595.727830 8.191166 -4.415732 2.137148 0.104031 0.802584 -0.142804 0.569775
1403638595.827830 8.187308 -4.390728 2.143334 0.106827 0.803370 -0.141218 0.568544
1403638595.927830 8.183476 -4.363664 2.141451 0.108080 0.803101 -0.140693 0.568818
1403638596.027829 8.180036 -4.335293 2.126275 0.112102 0.802821 -0.138060 0.569080
1403638596.127830 8.176368 -4.303731 2.104948 0.122412 0.803813 -0.131190 0.567176
1403638596.227830 8.171501 -4.266223 2.087563 0.134323 0.805619 -0.122500 0.563852
1403638596.327830 8.168230 -4.218066 2.080213 0.145331 0.806578 -0.114340 0.561460
1403638596.427830 8.166910 -4.162246 2.078330 0.152014 0.806390 -0.108821 0.561058
1403638596.527829 8.170155 -4.093857 2.088072 0.158600 0.806084 -0.103214 0.560733
1403638596.627830 8.174909 -4.012616 2.103935 0.165838 0.806428 -0.097386 0.559184
1403638596.727830 8.184145 -3.915214 2.127338 0.172132 0.806933 -0.092481 0.557384
1403638596.827830 8.200722 -3.802677 2.161544 0.176194 0.806537 -0.089055 0.557246
1403638596.927830 8.218308 -3.670772 2.197065 0.178536 0.805469 -0.087121 0.558349
1403638597.027829 8.241753 -3.526328 2.233359 0.180172 0.804514 -0.087146 0.559196
1403638597.127830 8.266598 -3.366229 2.264339 0.182762 0.802932 -0.086115 0.560787
1403638597.227830 8.292663 -3.189151 2.287998 0.183098 0.800824 -0.087384 0.563489
1403638597.327830 8.320340 -2.995250 2.304812 0.179341 0.798832 -0.091077 0.566930
1403638597.427830 8.351065 -2.785658 2.315616 0.173142 0.796907 -0.096795 0.570607
1403638597.527829 8.382180 -2.562871 2.324023 0.161013 0.792651 -0.105892 0.578418
1403638597.627830 8.411475 -2.330607 2.326060 0.151696 0.789463 -0.113290 0.583868
1403638597.727830 8.438036 -2.090990 2.323203 0.151270 0.788661 -0.113863 0.584950
1403638597.827830 8.461633 -1.843820 2.315857 0.156550 0.791041 -0.104006 0.582177
1403638597.927830 8.480669 -1.587839 2.303228 0.160673 0.793427 -0.092604 0.579726
1403638598.027829 8.498456 -1.321629 2.291163 0.158331 0.794248 -0.086065 0.580253
1403638598.127830 8.516246 -1.042862 2.286549 0.142756 0.794841 -0.090022 0.582876
1403638598.227830 8.529621 -0.755202 2.287418 0.121870 0.796056 -0.099660 0.584389
1403638598.327830 8.540613 -0.464454 2.290410 0.107508 0.798749 -0.106944 0.582242
1403638598.427830 8.550606 -0.174622 2.288308 0.100426 0.800829 -0.110448 0.579991
1403638598.527829 8.558670 0.113863 2.280038 0.096621 0.802485 -0.110265 0.578381
1403638598.627830 8.565074 0.399982 2.262829 0.091932 0.805618 -0.105157 0.575735
1403638598.727830 8.570436 0.683405 2.244351 0.085751 0.807218 -0.094851 0.576237
1403638598.827830 8.573280 0.964610 2.229711 0.076802 0.808078 -0.082139 0.578243
1403638598.927830 8.574247 1.243322 2.219933 0.067486 0.810258 -0.066540 0.578360
1403638599.027829 8.573443 1.516946 2.213350 0.054738 0.811734 -0.050783 0.579235
1403638599.127830 8.571291 1.789947 2.213854 0.043832 0.812535 -0.032556 0.580350
1403638599.227830 8.565679 2.061019 2.218832 0.032296 0.813678 -0.013987 0.580249
1403638599.327830 8.557169 2.329971 2.229716 0.019076 0.815317 0.004166 0.578686
1403638599.427830 8.545279 2.595953 2.247311 0.009760 0.817806 0.020716 0.575038
1403638599.527829 8.533164 2.861312 2.266874 0.002845 0.819732 0.031914 0.571850
1403638599.627830 8.519966 3.126393 2.280163 -0.002999 0.821256 0.037275 0.569333
1403638599.727830 8.505479 3.390014 2.284657 -0.005133 0.822365 0.040505 0.567493
1403638599.827830 8.494399 3.652426 2.281622 -0.006182 0.823015 0.039652 0.566601
1403638599.927830 8.486408 3.913635 2.273484 -0.008902 0.824325 0.035861 0.564909
1403638600.027829 8.482284 4.175598 2.260150 -0.013796 0.823854 0.029205 0.565881
1403638600.127830 8.481940 4.429772 2.244421 -0.022011 0.826153 0.019796 0.562668
1403638600.227830 8.483943 4.680524 2.225139 -0.033740 0.829190 0.008128 0.557889
1403638600.327830 8.489578 4.921558 2.202061 -0.042462 0.831092 -0.001460 0.554510
1403638600.427830 8.500361 5.148911 2.181795 -0.050261 0.832505 -0.009752 0.551647
1403638600.527829 8.517455 5.363900 2.170652 -0.051397 0.833301 -0.012579 0.550282
1403638600.627830 8.541218 5.565533 2.169003 -0.050886 0.834698 -0.013930 0.548176
1403638600.727830 8.567723 5.749684 2.174425 -0.051404 0.836893 -0.015035 0.544741
1403638600.827830 8.603784 5.923692 2.184641 -0.047707 0.840822 -0.011819 0.539077
1403638600.927830 8.644409 6.080101 2.197764 -0.032101 0.843740 0.000720 0.535791
1403638601.027829 8.694457 6.225432 2.207024 -0.018703 0.844398 0.011970 0.535256
1403638601.127830 8.752607 6.368510 2.210964 -0.012160 0.843114 0.017675 0.537307
1403638601.227830 8.818030 6.508895 2.210176 -0.003535 0.839995 0.024916 0.542010
1403638601.327830 8.889663 6.648151 2.206565 0.002491 0.832467 0.031313 0.553183
1403638601.427830 8.965368 6.792095 2.203108 -0.008128 0.828025 0.033707 0.559617
1403638601.527829 9.042866 6.938795 2.206607 -0.020011 0.823599 0.043186 0.565172
1403638601.627830 9.120212 7.085634 2.216578 -0.031198 0.819877 0.060088 0.568523
1403638601.727830 9.198180 7.231591 2.233065 -0.043374 0.816805 0.083075 0.569251
1403638601.827830 9.273604 7.377003 2.257180 -0.056976 0.811825 0.110687 0.570475
1403638601.927830 9.345774 7.524516 2.287250 -0.071123 0.806640 0.138202 0.570240
1403638602.027829 9.415430 7.674059 2.311829 -0.084011 0.803785 0.158245 0.567301
1403638602.127830 9.481333 7.818705 2.335266 -0.092399 0.800352 0.173633 0.566348
1403638602.227830 9.543399 7.967984 2.349825 -0.098055 0.793643 0.190280 0.569481
1403638602.327830 9.600025 8.118787 2.361230 -0.111612 0.784654 0.206220 0.573877
1403638602.427830 9.648822 8.270167 2.378023 -0.144117 0.768660 0.213644 0.585447
1403638602.527829 9.689585 8.422050 2.405048 -0.180188 0.744946 0.218305 0.604095
1403638602.627830 9.717021 8.562377 2.439130 -0.209657 0.727774 0.225977 0.612636
1403638602.727830 9.728847 8.685473 2.476873 -0.224691 0.721142 0.242710 0.608737
1403638602.827830 9.724031 8.788659 2.520068 -0.232758 0.716837 0.263823 0.601968
1403638602.927830 9.705768 8.876530 2.566590 -0.246611 0.714775 0.281866 0.590619
1403638603.027829 9.675982 8.950287 2.612510 -0.268132 0.713059 0.295434 0.576517
1403638603.127830 9.639931 9.009308 2.654241 -0.284881 0.704910 0.309228 0.571247
1403638603.227830 9.599068 9.052456 2.685165 -0.289208 0.703879 0.325158 0.561413
1403638603.327830 9.551703 9.082266 2.706964 -0.282580 0.715397 0.342138 0.539720
1403638603.427830 9.503379 9.103996 2.720796 -0.276405 0.726022 0.353560 0.521045
1403638603.527829 9.455708 9.122138 2.731823 -0.274279 0.729481 0.358920 0.513619
1403638603.627830 9.406974 9.138537 2.739562 -0.278643 0.723432 0.360941 0.518388
1403638603.727830 9.358863 9.150493 2.741585 -0.275840 0.714959 0.365649 0.528248
1403638603.827830 9.308677 9.156893 2.736272 -0.269834 0.706864 0.370879 0.538499
1403638603.927830 9.252187 9.158990 2.722663 -0.263169 0.699542 0.375188 0.548285
1403638604.027829 9.188707 9.156324 2.702185 -0.257972 0.694389 0.377668 0.555555
1403638604.127830 9.114916 9.154579 2.681928 -0.254312 0.691409 0.379087 0.559975
1403638604.227830 9.031394 9.146305 2.669209 -0.257441 0.692818 0.377640 0.557777
1403638604.327830 8.936102 9.134215 2.663791 -0.263977 0.699419 0.373802 0.549000
1403638604.427830 8.832667 9.116064 2.664597 -0.266019 0.707606 0.372696 0.538168
1403638604.527829 8.724998 9.094270 2.673003 -0.262860 0.714824 0.374914 0.528555
1403638604.627830 8.615202 9.070295 2.680609 -0.261783 0.717905 0.375881 0.524210
1403638604.727830 8.504061 9.044824 2.682240 -0.265858 0.720586 0.373293 0.520314
1403638604.827830 8.393423 9.017076 2.680869 -0.269191 0.722919 0.371072 0.516943
1403638604.927830 8.284114 8.986286 2.681550 -0.267632 0.726987 0.372268 0.511155
1403638605.027829 8.176428 8.954428 2.687305 -0.264623 0.734092 0.374524 0.500816
1403638605.127830 8.071142 8.921512 2.701959 -0.261736 0.739383 0.376669 0.492876
1403638605.227830 7.970901 8.894317 2.722699 -0.258673 0.741170 0.378844 0.490135
1403638605.327830 7.875524 8.872821 2.740575 -0.253980 0.740054 0.382135 0.491719
1403638605.427830 7.784770 8.857280 2.754481 -0.247444 0.732279 0.387055 0.502720
1403638605.527829 7.693122 8.845537 2.761203 -0.241698 0.721950 0.391307 0.516962
1403638605.627830 7.598521 8.837574 2.761615 -0.235726 0.714404 0.395554 0.526874
1403638605.727830 7.497329 8.834155 2.761173 -0.232967 0.711089 0.397530 0.531082
1403638605.827830 7.390312 8.834301 2.770701 -0.231476 0.711616 0.398375 0.530395
1403638605.927830 7.275915 8.842089 2.785446 -0.228586 0.711035 0.399852 0.531316
1403638606.027829 7.155308 8.854059 2.806292 -0.224573 0.710291 0.401518 0.532764
1403638606.127830 7.028177 8.873479 2.818440 -0.221644 0.710383 0.402367 0.533226
1403638606.227830 6.893855 8.896156 2.827208 -0.218524 0.710530 0.403793 0.533241
1403638606.327830 6.751890 8.925103 2.824402 -0.219678 0.714528 0.401934 0.528810
1403638606.427830 6.605141 8.959823 2.817265 -0.226319 0.724940 0.396372 0.515879
1403638606.527829 6.454958 8.999941 2.801955 -0.234616 0.735674 0.389754 0.501828
1403638606.627830 6.304281 9.044741 2.783011 -0.239955 0.741753 0.388546 0.491178
1403638606.727830 6.158910 9.097149 2.759372 -0.243852 0.743043 0.395093 0.482001
1403638606.827830 6.018601 9.156553 2.732292 -0.250278 0.740269 0.406153 0.473712
1403638606.927830 5.881479 9.222370 2.708563 -0.259904 0.733916 0.420351 0.465963
1403638607.027829 5.752048 9.297481 2.690740 -0.273084 0.725357 0.435105 0.458221
1403638607.127830 5.631475 9.380795 2.683316 -0.289732 0.717616 0.444538 0.451074
1403638607.227830 5.514465 9.466635 2.680729 -0.304416 0.704751 0.450450 0.455797
1403638607.327830 5.403810 9.557803 2.673065 -0.317465 0.692924 0.452221 0.463215
1403638607.427830 5.298308 9.650047 2.656295 -0.326768 0.686327 0.452689 0.466102
1403638607.527829 5.197862 9.740748 2.630585 -0.331032 0.685390 0.453247 0.463924
1403638607.627830 5.102848 9.828920 2.600065 -0.332179 0.684122 0.454459 0.463789
1403638607.727830 5.012691 9.915890 2.566797 -0.331867 0.681765 0.454775 0.467163
1403638607.827830 4.927277 9.999029 2.531221 -0.331180 0.682393 0.454469 0.467031
1403638607.927830 4.845157 10.083842 2.489196 -0.333292 0.686765 0.451113 0.462350
1403638608.027829 4.770153 10.163909 2.444815 -0.335519 0.688554 0.447524 0.461566
1403638608.127830 4.702297 10.244105 2.394970 -0.334063 0.685981 0.446478 0.467429
1403638608.227830 4.641917 10.320845 2.340831 -0.330728 0.682004 0.447011 0.475047
1403638608.327830 4.580499 10.391815 2.282988 -0.330917 0.677064 0.445374 0.483446
1403638608.427830 4.524417 10.459995 2.219980 -0.331609 0.673521 0.444565 0.488637
1403638608.527829 4.462329 10.522782 2.151371 -0.329913 0.675386 0.445262 0.486573
1403638608.627830 4.404721 10.581175 2.079924 -0.332143 0.674640 0.442884 0.488258
1403638608.727830 4.346826 10.632353 2.013696 -0.336190 0.671860 0.440593 0.491384
1403638608.827830 4.288346 10.677069 1.951763 -0.334468 0.674534 0.442037 0.487584
1403638608.927830 4.230494 10.715476 1.896638 -0.332734 0.678367 0.443478 0.482113
1403638609.027829 4.173496 10.750766 1.848561 -0.332777 0.682053 0.443739 0.476612
1403638609.127830 4.118620 10.783741 1.807171 -0.331581 0.683549 0.444481 0.474606
1403638609.227830 4.067469 10.810519 1.770285 -0.338406 0.683640 0.439635 0.474171
1403638609.327830 4.019124 10.832945 1.729228 -0.342221 0.684128 0.436624 0.473511
1403638609.427830 3.976652 10.854633 1.680207 -0.339082 0.684045 0.438627 0.474038
1403638609.527829 3.935625 10.870282 1.624315 -0.335349 0.684095 0.440761 0.474642
1403638609.627830 3.898320 10.881600 1.562947 -0.333439 0.684028 0.441699 0.475211
1403638609.727830 3.863400 10.889906 1.497500 -0.330478 0.682800 0.443861 0.477029
1403638609.827830 3.829620 10.915540 1.431080 -0.330707 0.683995 0.443621 0.475379
1403638609.927830 3.800421 10.922049 1.378334 -0.330926 0.683603 0.443393 0.476002
1403638610.027829 3.777410 10.928392 1.333258 -0.333347 0.682468 0.441788 0.477432
1403638610.127830 3.754209 10.927983 1.295945 -0.336565 0.679661 0.439449 0.481320
1403638610.227830 3.732899 10.923490 1.258022 -0.337994 0.676907 0.438397 0.485145
1403638610.327830 3.711971 10.914604 1.213343 -0.339251 0.676045 0.437134 0.486607
1403638610.427830 3.693855 10.902530 1.162297 -0.340599 0.675711 0.435853 0.487277
1403638610.527829 3.674787 10.885819 1.106907 -0.340213 0.672798 0.435700 0.491695
1403638610.627830 3.655587 10.862297 1.048998 -0.345896 0.665749 0.431537 0.500909
1403638610.727830 3.634437 10.827742 0.991728 -0.346115 0.666434 0.431809 0.499610
1403638610.827830 3.611233 10.786521 0.938581 -0.342690 0.673662 0.435360 0.489085
1403638610.927830 3.591580 10.740827 0.896655 -0.340949 0.676551 0.437964 0.483963
1403638611.027829 3.573324 10.690528 0.856136 -0.343707 0.675546 0.436124 0.485076
1403638611.127830 3.556827 10.635039 0.813222 -0.346257 0.672897 0.435022 0.487927
1403638611.227830 3.541898 10.573840 0.765002 -0.346065 0.672320 0.435968 0.488013
1403638611.327830 3.528212 10.505821 0.720700 -0.343377 0.671612 0.438301 0.488796
1403638611.427830 3.514082 10.430442 0.682831 -0.332830 0.666826 0.445315 0.496247
1403638611.527829 3.494725 10.352476 0.649970 -0.322140 0.663806 0.452147 0.501149
1403638611.627830 3.470017 10.272618 0.621984 -0.316813 0.665689 0.454693 0.499742
1403638611.727830 3.441718 10.190077 0.596057 -0.318614 0.669923 0.452954 0.494491
1403638611.827830 3.412037 10.104263 0.565699 -0.324902 0.675867 0.448031 0.486735
1403638611.927830 3.383119 10.020197 0.533311 -0.328465 0.680730 0.444612 0.480663
1403638612.027829 3.355457 9.935977 0.498136 -0.330104 0.683476 0.442972 0.477146
1403638612.127830 3.330029 9.851470 0.470790 -0.331467 0.685408 0.441427 0.474855
1403638612.227830 3.307024 9.767735 0.451686 -0.330653 0.685994 0.441526 0.474485
1403638612.327830 3.287100 9.684276 0.437652 -0.330103 0.685639 0.441797 0.475128
1403638612.427830 3.269673 9.599666 0.425344 -0.329334 0.684648 0.441508 0.477354
1403638612.527829 3.253303 9.513727 0.407751 -0.327417 0.682630 0.441368 0.481673
1403638612.627830 3.236568 9.426211 0.383011 -0.322696 0.680908 0.443176 0.485621
1403638612.727830 3.217617 9.336859 0.349735 -0.318527 0.679125 0.444186 0.489928
1403638612.827830 3.199002 9.250472 0.315368 -0.317602 0.678230 0.442533 0.493252
1403638612.927830 3.174443 9.160285 0.283087 -0.318550 0.677872 0.440052 0.495348
1403638613.027829 3.150674 9.073057 0.257213 -0.318366 0.680368 0.439105 0.492878
1403638613.127830 3.123478 8.984810 0.240254 -0.318547 0.681903 0.438252 0.491398
1403638613.227830 3.092400 8.892780 0.229392 -0.318441 0.683640 0.437961 0.489308
1403638613.327830 3.063867 8.804069 0.225867 -0.317445 0.684211 0.438491 0.488681
1403638613.427830 3.031495 8.713064 0.225247 -0.316740 0.683503 0.438957 0.489710
1403638613.527829 3.000094 8.623406 0.218680 -0.317911 0.683486 0.435484 0.492070
1403638613.627830 2.968018 8.534334 0.207034 -0.319813 0.685220 0.429317 0.493843
1403638613.727830 2.935637 8.446473 0.189246 -0.323878 0.684385 0.422684 0.498055
1403638613.827830 2.899977 8.349452 0.162875 -0.323769 0.685055 0.415295 0.503392
1403638613.927830 2.865181 8.248458 0.130808 -0.318573 0.689415 0.406600 0.507834
1403638614.027829 2.831215 8.144646 0.093946 -0.308123 0.696773 0.396038 0.512564
1403638614.127830 2.796073 8.036498 0.053923 -0.295274 0.706550 0.383267 0.516437
1403638614.227830 2.759342 7.926100 0.016983 -0.281787 0.716838 0.370177 0.519334
1403638614.327830 2.720569 7.811692 -0.014726 -0.271982 0.725011 0.359060 0.521019
1403638614.427830 2.679722 7.695874 -0.039096 -0.266770 0.731056 0.349472 0.521785
1403638614.527829 2.638453 7.581555 -0.053556 -0.263810 0.735712 0.341401 0.522090
1403638614.627830 2.596967 7.466028 -0.061057 -0.260257 0.740466 0.331410 0.523587
1403638614.727830 2.559776 7.354319 -0.055552 -0.257785 0.748350 0.317306 0.522337
1403638614.827830 2.525029 7.240921 -0.039935 -0.252531 0.759444 0.300468 0.518836
1403638614.927830 2.496379 7.125165 -0.015514 -0.241851 0.770201 0.283092 0.517840
1403638615.027829 2.476100 7.011499 0.014895 -0.227367 0.779731 0.262661 0.520896
1403638615.127830 2.461242 6.893540 0.049353 -0.207040 0.786648 0.241487 0.529154
1403638615.227830 2.450856 6.769777 0.088358 -0.183178 0.789116 0.220544 0.543232
1403638615.327830 2.443582 6.647414 0.127603 -0.161331 0.792666 0.196515 0.554107
1403638615.427830 2.437951 6.526368 0.161409 -0.140791 0.796696 0.170709 0.562416
1403638615.527829 2.431694 6.406341 0.187644 -0.121379 0.801200 0.145338 0.567647
1403638615.627830 2.423393 6.286456 0.206657 -0.106271 0.804120 0.124320 0.571526
1403638615.727830 2.414445 6.167618 0.226091 -0.096244 0.806299 0.109580 0.573246
1403638615.827830 2.404290 6.049844 0.253723 -0.089484 0.807777 0.098729 0.574231
1403638615.927830 2.392591 5.932234 0.285594 -0.084337 0.809078 0.086136 0.575205
1403638616.027829 2.380174 5.814176 0.312004 -0.076238 0.810959 0.074306 0.575336
1403638616.127830 2.366025 5.696146 0.328842 -0.066479 0.812177 0.061697 0.576319
1403638616.227830 2.351253 5.578781 0.329093 -0.056703 0.813985 0.045287 0.576336
1403638616.327830 2.334609 5.458157 0.313328 -0.044266 0.815354 0.026289 0.576670
1403638616.427830 2.317255 5.336602 0.286330 -0.031352 0.816405 0.007358 0.576581
1403638616.527829 2.298839 5.215226 0.255023 -0.021849 0.817537 -0.008238 0.575402
1403638616.627830 2.280585 5.093014 0.220316 -0.013935 0.820696 -0.019115 0.570876
1403638616.727830 2.262994 4.970379 0.182033 -0.012043 0.828072 -0.028583 0.559763
1403638616.827830 2.251403 4.849058 0.139597 -0.016558 0.835853 -0.037577 0.547416
1403638616.927830 2.245208 4.724980 0.101617 -0.016796 0.837996 -0.040360 0.543922
1403638617.027829 2.250637 4.598617 0.073319 -0.009894 0.834707 -0.035564 0.549455
1403638617.127830 2.260215 4.469374 0.054818 -0.003041 0.830729 -0.028859 0.555920
1403638617.227830 2.274176 4.339729 0.042355 0.000402 0.830462 -0.023224 0.556591
1403638617.327830 2.292035 4.210549 0.034693 -0.000260 0.833609 -0.020248 0.551984
1403638617.427830 2.313569 4.084401 0.035769 0.000632 0.837726 -0.016595 0.545838
1403638617.527829 2.340907 3.959022 0.041596 0.000394 0.839399 -0.013258 0.543353
1403638617.627830 2.374447 3.833962 0.057071 0.000257 0.838891 -0.010423 0.544199
1403638617.727830 2.416186 3.715123 0.082352 0.001923 0.837093 -0.006262 0.547021
1403638617.827830 2.462125 3.600913 0.114072 0.002189 0.836917 -0.003632 0.547313
1403638617.927830 2.512109 3.492940 0.153578 0.000720 0.835714 -0.002673 0.549158
1403638618.027829 2.566050 3.386408 0.191639 -0.000337 0.835211 -0.001548 0.549928
1403638618.127830 2.624406 3.283592 0.223539 -0.002312 0.835307 -0.001130 0.549778
1403638618.227830 2.687708 3.181656 0.248714 -0.002885 0.835040 0.000008 0.550182
1403638618.327830 2.751779 3.086034 0.269544 -0.002478 0.834320 0.001438 0.551273
1403638618.427830 2.820995 2.992205 0.286143 -0.002628 0.834200 0.002457 0.551451
1403638618.527829 2.891847 2.903530 0.302729 -0.003164 0.833626 0.003562 0.552308
1403638618.627830 2.967872 2.814341 0.315364 -0.000502 0.833312 0.001676 0.552800
1403638618.727830 3.045873 2.729727 0.330370 0.003675 0.833124 -0.000586 0.553074
1403638618.827830 3.128656 2.649032 0.349905 0.004951 0.832036 -0.004562 0.554680
1403638618.927830 3.213665 2.572327 0.375328 0.009711 0.829501 -0.009955 0.558332
1403638619.027829 3.301059 2.497639 0.396827 0.018316 0.825314 -0.021370 0.563972
1403638619.127830 3.388959 2.425014 0.409950 0.032261 0.822042 -0.037299 0.567288
1403638619.227830 3.477771 2.355507 0.415438 0.045976 0.818879 -0.059102 0.569061
1403638619.327830 3.566636 2.288853 0.412806 0.061464 0.815769 -0.084081 0.568924
1403638619.427830 3.653088 2.225122 0.402663 0.074750 0.811649 -0.107594 0.569264
1403638619.527829 3.739687 2.164905 0.391034 0.083042 0.808026 -0.126068 0.569478
1403638619.627830 3.826132 2.107996 0.377486 0.085860 0.805338 -0.141667 0.569200
1403638619.727830 3.911079 2.051453 0.361068 0.080390 0.802950 -0.156602 0.569460
1403638619.827830 3.993242 1.993395 0.340320 0.078029 0.800270 -0.165616 0.571008
1403638619.927830 4.070881 1.930911 0.323597 0.078606 0.798812 -0.170680 0.571480
1403638620.027829 4.145068 1.866192 0.299909 0.081254 0.797620 -0.172697 0.572167
1403638620.127830 4.214401 1.797489 0.280860 0.084583 0.794815 -0.172808 0.575545
1403638620.227830 4.278488 1.725770 0.268823 0.087294 0.792576 -0.172317 0.578369
1403638620.327830 4.328796 1.652775 0.269517 0.091463 0.794142 -0.169853 0.576301
1403638620.427830 4.378422 1.578329 0.272642 0.092805 0.795226 -0.168125 0.575097
1403638620.527829 4.420886 1.502693 0.280261 0.093509 0.796432 -0.165927 0.573951
1403638620.627830 4.462022 1.426541 0.283082 0.091643 0.798588 -0.165136 0.571479
1403638620.727830 4.499648 1.349957 0.279592 0.087911 0.801776 -0.165735 0.567414
1403638620.827830 4.531246 1.273558 0.271227 0.086758 0.804753 -0.164230 0.563803
1403638620.927830 4.564992 1.193645 0.259871 0.091763 0.806515 -0.158204 0.562214
1403638621.027829 4.596735 1.114713 0.244912 0.096445 0.805605 -0.152378 0.564341
1403638621.127830 4.621433 1.039022 0.231213 0.097076 0.804377 -0.149369 0.566782
1403638621.227830 4.652414 0.961693 0.225070 0.096688 0.802791 -0.147026 0.569703
1403638621.327830 4.682088 0.886993 0.225605 0.098256 0.803223 -0.144002 0.569598
1403638621.427830 4.710352 0.814763 0.225259 0.098134 0.801984 -0.141979 0.571868
1403638621.527829 4.736441 0.745208 0.219010 0.098996 0.799911 -0.139606 0.575197
1403638621.627830 4.756308 0.683372 0.209738 0.098909 0.798238 -0.138137 0.577885
1403638621.727830 4.776666 0.622051 0.194042 0.099138 0.797349 -0.137130 0.579312
1403638621.827830 4.789512 0.567785 0.176156 0.100592 0.795047 -0.135487 0.582601
1403638621.927830 4.802555 0.511845 0.154066 0.101911 0.791579 -0.133997 0.587420
1403638622.027829 4.810152 0.463075 0.129031 0.101128 0.790033 -0.134153 0.589596
1403638622.127830 4.810815 0.424062 0.101397 0.098700 0.790729 -0.136274 0.588587
1403638622.227830 4.810240 0.380027 0.071718 0.096315 0.791075 -0.138029 0.588108
1403638622.327830 4.801835 0.343807 0.049261 0.094122 0.791074 -0.140083 0.587980
1403638622.427830 4.789123 0.307947 0.035674 0.096653 0.791925 -0.139509 0.586558
1403638622.527829 4.768401 0.281154 0.031869 0.099750 0.791967 -0.138353 0.586257
1403638622.627830 4.746279 0.249364 0.031560 0.104685 0.790373 -0.135890 0.588120
1403638622.727830 4.718443 0.228775 0.045651 0.107879 0.782381 -0.134468 0.598465
1403638622.827830 4.685892 0.206198 0.063690 0.109571 0.772712 -0.134195 0.610657
1403638622.927830 4.646682 0.194071 0.085110 0.109221 0.772810 -0.135417 0.610326
1403638623.027829 4.597121 0.186152 0.101463 0.106770 0.779022 -0.138297 0.602162
1403638623.127830 4.538805 0.182247 0.111738 0.102956 0.784799 -0.141804 0.594460
1403638623.227830 4.472650 0.183329 0.117105 0.099071 0.787897 -0.144646 0.590322
1403638623.327830 4.402260 0.184142 0.117310 0.096714 0.791374 -0.146389 0.585615
1403638623.427830 4.329493 0.183948 0.113195 0.096917 0.794131 -0.146440 0.581824
1403638623.527829 4.252848 0.185359 0.107548 0.095593 0.794668 -0.147248 0.581105
1403638623.627830 4.173708 0.186812 0.107362 0.098424 0.794046 -0.146002 0.581796
1403638623.727830 4.089806 0.188453 0.113706 0.100166 0.794735 -0.145624 0.580652
1403638623.827830 4.002526 0.192135 0.126067 0.101883 0.795589 -0.145338 0.579254
1403638623.927830 3.911141 0.197648 0.142303 0.103547 0.797325 -0.145981 0.576403
1403638624.027829 3.817346 0.203285 0.151750 0.103769 0.798015 -0.147121 0.575117
1403638624.127830 3.722248 0.211516 0.157953 0.101574 0.798518 -0.150009 0.574063
1403638624.227830 3.627023 0.219747 0.160400 0.099091 0.798496 -0.152967 0.573747
1403638624.327830 3.533153 0.227426 0.160456 0.098036 0.797831 -0.154953 0.574321
1403638624.427830 3.435255 0.236543 0.151435 0.097980 0.797591 -0.156284 0.574303
1403638624.527829 3.336859 0.244502 0.140451 0.096820 0.794479 -0.158713 0.578134
1403638624.627830 3.240951 0.250208 0.130071 0.094109 0.784879 -0.161279 0.590844
1403638624.727830 3.136075 0.257612 0.114358 0.098483 0.787208 -0.154488 0.588845
1403638624.827830 3.026999 0.266215 0.106102 0.101840 0.793966 -0.144789 0.581621
1403638624.927830 2.922476 0.273670 0.109148 0.099126 0.798462 -0.139280 0.577264
1403638625.027829 2.818507 0.280960 0.115838 0.091812 0.800051 -0.137508 0.576698
1403638625.127830 2.707817 0.292502 0.117989 0.083596 0.801082 -0.138075 0.576380
1403638625.227830 2.606698 0.297397 0.117587 0.079426 0.802315 -0.137113 0.575484
1403638625.327830 2.496151 0.306101 0.112486 0.078126 0.802598 -0.135661 0.575612
1403638625.427830 2.393902 0.307559 0.111881 0.077566 0.802507 -0.134378 0.576115
1403638625.527829 2.284404 0.313100 0.115149 0.077512 0.802310 -0.133894 0.576509
1403638625.627830 2.176113 0.316522 0.125851 0.078076 0.803787 -0.133664 0.574426
1403638625.727830 2.073777 0.315604 0.143738 0.077010 0.806800 -0.134329 0.570174
1403638625.827830 1.966281 0.317803 0.156698 0.076395 0.811154 -0.135273 0.563821
1403638625.927830 1.860812 0.315198 0.168202 0.077599 0.812191 -0.134953 0.562238
1403638626.027829 1.758922 0.312474 0.171627 0.077556 0.812969 -0.135953 0.560878
1403638626.127830 1.658357 0.308840 0.169915 0.075881 0.813406 -0.137869 0.560005
1403638626.227830 1.561135 0.303822 0.163590 0.077494 0.813258 -0.137211 0.560160
1403638626.327830 1.465268 0.296585 0.154232 0.083798 0.811266 -0.133385 0.563058
1403638626.427830 1.371530 0.289609 0.141533 0.089377 0.809039 -0.129293 0.566350
1403638626.527829 1.278416 0.284814 0.124858 0.090856 0.810297 -0.127855 0.564638
1403638626.627830 1.189005 0.279294 0.109126 0.089672 0.812387 -0.128568 0.561656
1403638626.727830 1.103114 0.275054 0.095482 0.088014 0.815231 -0.129249 0.557625
1403638626.827830 1.018934 0.270866 0.087624 0.086327 0.818460 -0.130088 0.552945
1403638626.927830 0.942141 0.267120 0.088997 0.086375 0.820704 -0.129559 0.549726
1403638627.027829 0.868981 0.263276 0.091721 0.085694 0.820764 -0.129353 0.549792
1403638627.127830 0.803640 0.259341 0.092057 0.084935 0.820549 -0.129185 0.550269
1403638627.227830 0.742982 0.254462 0.087511 0.084316 0.820440 -0.128974 0.550576
1403638627.327830 0.686481 0.250569 0.078261 0.086946 0.820463 -0.126722 0.550657
1403638627.427830 0.637859 0.245778 0.069077 0.088114 0.820330 -0.125690 0.550906
1403638627.527829 0.594422 0.240900 0.056962 0.087795 0.820012 -0.125973 0.551364
1403638627.627830 0.556118 0.236989 0.043048 0.090998 0.817950 -0.124503 0.554235
1403638627.727830 0.522938 0.233503 0.027695 0.091825 0.814904 -0.124312 0.558611
1403638627.827830 0.502796 0.233146 0.008013 0.093057 0.813636 -0.124083 0.560303
1403638627.927830 0.474296 0.233559 -0.007871 0.093884 0.814781 -0.124045 0.558507
1403638628.027829 0.443715 0.235949 -0.022794 0.095143 0.816336 -0.123962 0.556037
1403638628.127830 0.415235 0.239120 -0.035698 0.095722 0.817295 -0.124462 0.554415
1403638628.227830 0.391693 0.243985 -0.047203 0.096092 0.817417 -0.125180 0.554008
1403638628.327830 0.376171 0.252794 -0.056424 0.095781 0.818096 -0.126344 0.552794
1403638628.427830 0.367658 0.263779 -0.063632 0.093316 0.817706 -0.128451 0.553308
1403638628.527829 0.375971 0.276983 -0.073128 0.084976 0.812070 -0.134950 0.561346
1403638628.627830 0.368133 0.285518 -0.073745 0.078496 0.805354 -0.139771 0.570708
1403638628.727830 0.373408 0.299079 -0.070026 0.076280 0.805058 -0.141671 0.570957
1403638628.827830 0.369762 0.301228 -0.075681 0.079849 0.806536 -0.139627 0.568883
1403638628.927830 0.360706 0.304094 -0.087557 0.084264 0.806550 -0.137217 0.568813
1403638629.027829 0.349913 0.306233 -0.098944 0.089249 0.807484 -0.133760 0.567550
1403638629.127830 0.340352 0.306660 -0.107639 0.092720 0.808752 -0.130952 0.565839
1403638629.227830 0.329585 0.310733 -0.114161 0.094441 0.809715 -0.129434 0.564526
1403638629.327830 0.318517 0.315958 -0.118264 0.095778 0.810461 -0.128745 0.563387
1403638629.427830 0.310051 0.323314 -0.120353 0.095457 0.814541 -0.129610 0.557325
1403638629.527829 0.309439 0.329691 -0.121069 0.092790 0.819226 -0.132101 0.550280
1403638629.627830 0.313338 0.336302 -0.119653 0.085694 0.819618 -0.137518 0.549519
1403638629.727830 0.317937 0.342736 -0.116758 0.075488 0.815714 -0.145319 0.554792
1403638629.827830 0.324950 0.345329 -0.113826 0.071434 0.809745 -0.148643 0.563130
1403638629.927830 0.331679 0.344177 -0.117539 0.076433 0.803537 -0.146064 0.571971
1403638630.027829 0.335955 0.340817 -0.130542 0.087221 0.797543 -0.139016 0.580511
1403638630.127830 0.336621 0.337832 -0.154711 0.093832 0.797841 -0.134379 0.580162
1403638630.227830 0.334743 0.336761 -0.186646 0.096521 0.801904 -0.132229 0.574586
1403638630.327830 0.331330 0.337110 -0.224450 0.099091 0.808557 -0.131670 0.564871
1403638630.427830 0.339888 0.341318 -0.226546 0.084541 0.814872 -0.138002 0.556590
1403638630.527829 0.350648 0.342654 -0.218467 0.093377 0.805186 -0.130862 0.570817
1403638630.627830 0.360082 0.344497 -0.230352 0.094123 0.804397 -0.131228 0.571722
1403638630.727830 0.365136 0.342782 -0.248556 0.085199 0.830500 -0.123949 0.536329
1403638630.827830 0.356661 0.339190 -0.253508 0.089510 0.827985 -0.125940 0.539044
1403638630.927830 0.350707 0.340777 -0.258728 0.088579 0.828803 -0.124137 0.538359
1403638631.027829 0.343710 0.340747 -0.263200 0.088026 0.829038 -0.124361 0.538036
1403638631.127830 0.336158 0.341327 -0.268184 0.087588 0.829076 -0.124710 0.537967
1403638631.227830 0.328148 0.342206 -0.272818 0.087778 0.829081 -0.124592 0.537955
1403638631.327830 0.320576 0.343020 -0.277120 0.087788 0.828972 -0.124665 0.538105
1403638631.427830 0.312498 0.343897 -0.281401 0.088009 0.828984 -0.124510 0.538087
1403638631.527829 0.304491 0.344614 -0.285337 0.088039 0.829077 -0.124617 0.537913
1403638631.627830 0.296491 0.345287 -0.289224 0.088278 0.829150 -0.124466 0.537797
